0.17257,0.24827,0.236576,0.18517,0.157414
0.00592877,0.037882,0.18667,0.343027,0.426493
0.0469029,0.128098,0.250455,0.285933,0.288611
0.14543,0.230497,0.244632,0.202895,0.176545
0.127823,0.217033,0.249336,0.215419,0.190389
0.307576,0.297585,0.184523,0.118926,0.0913906
0.176704,0.24901,0.234303,0.183967,0.156016
0.101624,0.192946,0.253704,0.234995,0.216732
0.193011,0.257837,0.228879,0.174176,0.146096
0.004388,0.0313871,0.175731,0.345355,0.443139
0.0733275,0.164689,0.256469,0.258842,0.246672
0.135318,0.223632,0.247772,0.209281,0.183997
0.0684552,0.157144,0.254892,0.264563,0.254946
0.0460066,0.127337,0.25087,0.287271,0.288516
0.00571792,0.0366938,0.183901,0.342553,0.431135
0.177361,0.246321,0.232991,0.182873,0.160454
0.0412686,0.118968,0.247821,0.292803,0.299139
0.0225318,0.0836461,0.23117,0.316081,0.346571
0.0375744,0.113984,0.247043,0.296364,0.305035
0.101298,0.192122,0.253447,0.234852,0.218282
0.00134723,0.0149889,0.136719,0.347256,0.499689
0.12567,0.214632,0.249333,0.217427,0.192938
0.116027,0.206319,0.251257,0.223985,0.202412
0.129202,0.217462,0.248619,0.214121,0.190596
0.171055,0.245718,0.236215,0.187385,0.159627
0.0358204,0.110038,0.244863,0.299274,0.310004
0.0304294,0.100828,0.241483,0.305293,0.321966
0.196015,0.26025,0.228044,0.171646,0.144045
0.0374546,0.11367,0.246996,0.297016,0.304864
0.00738092,0.0432831,0.194273,0.340888,0.414175
0.0115021,0.0560766,0.208558,0.333267,0.390596
0.323736,0.299962,0.177904,0.112396,0.0860015
0.609539,0.268697,0.0709642,0.0310634,0.0197371
0.0362603,0.110508,0.244754,0.298761,0.309718
0.301053,0.2962,0.187327,0.121545,0.0938753
0.0350881,0.109329,0.245095,0.299932,0.310556
0.0329691,0.105129,0.243034,0.302729,0.316138
0.0202292,0.0789943,0.228599,0.319902,0.352276
0.026435,0.0929172,0.237598,0.3113,0.33175
0.229873,0.274581,0.215359,0.154417,0.12577
0.118512,0.209479,0.25127,0.221664,0.199074
0.182986,0.253781,0.232708,0.179314,0.151211
0.171072,0.247011,0.236634,0.18642,0.158863
0.0103074,0.0529545,0.205927,0.335973,0.394838
0.0474318,0.128184,0.24982,0.285651,0.288913
0.0497706,0.13254,0.251618,0.282857,0.283214
0.0233279,0.0855077,0.2324,0.315372,0.343392
0.0359719,0.110195,0.244888,0.298848,0.310096
0.0136316,0.062861,0.216249,0.330096,0.377162
0.00120033,0.0139546,0.133439,0.347087,0.504319
0.0177535,0.0735197,0.225088,0.323967,0.359672
0.140064,0.224914,0.245553,0.206813,0.182656
0.026418,0.0926982,0.237225,0.311344,0.332315
0.0752787,0.16484,0.254608,0.257273,0.248001
0.0586246,0.146064,0.255,0.27364,0.266672
0.00575789,0.0370945,0.185113,0.343545,0.42849
0.0304109,0.100593,0.241145,0.30548,0.322371
0.0183893,0.0749857,0.226048,0.322879,0.357698
0.230709,0.27594,0.215487,0.153003,0.12486
0.0482124,0.13055,0.25155,0.284314,0.285374
0.135118,0.221816,0.247132,0.209964,0.18597
0.0738667,0.165078,0.256231,0.258605,0.246219
0.148423,0.232815,0.244083,0.200374,0.174305
0.240506,0.278878,0.21104,0.148893,0.120683
0.33813,0.302381,0.172201,0.106769,0.080519
0.0497675,0.133537,0.252709,0.282656,0.281331
0.0413754,0.12041,0.249245,0.291953,0.297018
0.0480006,0.130971,0.252204,0.284442,0.284383
0.0436872,0.124327,0.250524,0.289398,0.292064
0.218325,0.270685,0.220062,0.159778,0.13115
0.631902,0.260316,0.0639137,0.0269563,0.0169125
0.0844442,0.177415,0.256245,0.248927,0.232969
0.0294903,0.0992063,0.240953,0.306787,0.323564
0.139873,0.226663,0.246244,0.20621,0.181011
0.00295319,0.0245382,0.161968,0.347954,0.462587
0.03996,0.11792,0.248413,0.294199,0.299508
0.0495898,0.13342,0.25278,0.282762,0.281448
0.0766915,0.168375,0.25637,0.255691,0.242872
0.170707,0.246808,0.236924,0.186561,0.159
0.0952433,0.188248,0.255217,0.239866,0.221425
0.00345131,0.0262364,0.164309,0.338923,0.46708
0.0325062,0.104576,0.242899,0.302837,0.317182
0.0629461,0.151926,0.255585,0.268861,0.260682
0.0823839,0.174646,0.255987,0.250595,0.236388
0.00378335,0.0286841,0.170635,0.346696,0.450202
0.00464374,0.0324655,0.177379,0.345614,0.439898
0.380287,0.306253,0.155315,0.091084,0.0670606
0.0368736,0.11098,0.24443,0.297626,0.31009
0.290549,0.294464,0.19153,0.12561,0.0978473
0.0434144,0.123465,0.249846,0.289585,0.29369
0.00382693,0.0288229,0.170811,0.346834,0.449705
0.00154417,0.0163312,0.140918,0.348191,0.493015
0.0154575,0.0677137,0.22029,0.327168,0.369371
0.0140997,0.0640434,0.217127,0.329342,0.375388
0.0374349,0.11372,0.247068,0.297029,0.304748
0.105605,0.196639,0.253079,0.232095,0.212582
0.136076,0.222643,0.246708,0.210012,0.184562
0.337982,0.302327,0.172292,0.106761,0.0806374
0.0450848,0.126627,0.25128,0.287651,0.289357
0.0370255,0.112114,0.245685,0.297347,0.307828
0.0835077,0.175153,0.255432,0.250612,0.235296
0.121397,0.211009,0.250242,0.219884,0.197469
0.134349,0.2206,0.246907,0.211291,0.186853
0.00564104,0.0359093,0.182133,0.341023,0.435294
0.328915,0.300458,0.175997,0.110459,0.0841706
0.209068,0.266766,0.223436,0.164693,0.136036
0.0334032,0.106091,0.243591,0.302446,0.314469
0.058803,0.145575,0.254143,0.273982,0.267498
0.249928,0.283054,0.207794,0.14396,0.115266
0.0711855,0.161558,0.256013,0.261628,0.249616
0.103363,0.194054,0.25286,0.233147,0.216575
0.0291271,0.0978326,0.239579,0.307649,0.325813
0.0161007,0.069348,0.221605,0.326263,0.366683
0.0161452,0.069501,0.221916,0.326523,0.365914
0.0441698,0.124742,0.250397,0.288927,0.291764
0.294211,0.294595,0.189915,0.124366,0.0969128
0.129694,0.217619,0.248228,0.214015,0.190444
0.0794003,0.170774,0.255871,0.253455,0.2405
0.152104,0.233322,0.241889,0.199371,0.173314
0.0620272,0.150054,0.255016,0.269903,0.263
0.0255881,0.0910705,0.236545,0.312473,0.334324
0.0280794,0.0959138,0.238901,0.308865,0.328241
0.00597583,0.0378018,0.185712,0.342542,0.427968
0.0211837,0.0809941,0.229536,0.318479,0.349806
0.064464,0.153021,0.255186,0.26811,0.259219
0.00115065,0.0131904,0.129389,0.34338,0.51289
0.0550149,0.139315,0.252488,0.277657,0.275525
0.0788537,0.170855,0.25631,0.25419,0.239791
0.0797558,0.171827,0.25628,0.253243,0.238894
0.0538401,0.139119,0.253579,0.277905,0.275556
0.00644315,0.0397015,0.188914,0.342547,0.422394
0.0485964,0.129829,0.25043,0.283416,0.287729
0.0589113,0.143897,0.252816,0.273115,0.271261
0.0250299,0.0888553,0.234064,0.31237,0.33968
0.00068983,0.00982754,0.117682,0.344821,0.52698
0.00242822,0.0214529,0.154064,0.347407,0.474648
0.0783807,0.169615,0.255714,0.255331,0.24096
0.0740948,0.164469,0.255542,0.25929,0.246604
0.031161,0.101426,0.240975,0.304701,0.321737
0.0834146,0.174182,0.254993,0.250624,0.236787
0.0522745,0.136092,0.252063,0.279706,0.279864
0.0301884,0.0999067,0.240289,0.306163,0.323453
0.573934,0.280209,0.082863,0.0381531,0.0248407
0.0651254,0.154855,0.256286,0.266491,0.257243
0.0868627,0.179496,0.255959,0.246576,0.231107
0.0146491,0.0648606,0.217072,0.327826,0.375592
0.295837,0.293831,0.18931,0.123597,0.0974244
0.0496261,0.132549,0.25178,0.283527,0.282519
0.0477311,0.128253,0.249701,0.283246,0.291069
0.068667,0.158138,0.255564,0.264053,0.253578
0.136804,0.222614,0.246101,0.209006,0.185475
0.157788,0.237532,0.240359,0.195579,0.168743
0.0548166,0.139188,0.252367,0.278096,0.275534
0.278607,0.291361,0.196214,0.130898,0.10292
0.0262988,0.0924655,0.237036,0.31165,0.332549
0.0123971,0.0591935,0.212455,0.332447,0.383508
0.015811,0.0677315,0.219121,0.326478,0.370858
0.0311611,0.102177,0.242099,0.30447,0.320093
0.036866,0.112463,0.24629,0.297859,0.306523
0.0542843,0.139843,0.253878,0.278132,0.273862
0.319436,0.300369,0.179736,0.113549,0.0869098
0.0385846,0.115091,0.246804,0.295258,0.304262
0.010662,0.0540981,0.207273,0.334658,0.393309
0.0587931,0.14559,0.254377,0.273636,0.267604
0.0634493,0.149447,0.253036,0.268703,0.265364
0.0150557,0.066475,0.219139,0.328095,0.371235
0.0135574,0.0623478,0.215344,0.330317,0.378434
0.00254138,0.021775,0.154212,0.34509,0.476382
0.0226054,0.0841926,0.231748,0.316659,0.344795
0.060785,0.148214,0.254662,0.271615,0.264724
0.0176217,0.072282,0.223002,0.32361,0.363484
0.0474795,0.128571,0.250236,0.284894,0.288819
0.027296,0.0944546,0.238274,0.309874,0.330101
0.0290545,0.0978435,0.239822,0.307706,0.325574
0.343273,0.303028,0.170063,0.104795,0.0788415
0.00392572,0.0289408,0.170281,0.345884,0.450968
0.0247426,0.0893921,0.235575,0.313866,0.336424
0.0399107,0.117806,0.248346,0.29423,0.299707
0.0905455,0.1821,0.254753,0.24455,0.22805
0.0368902,0.112658,0.246392,0.297614,0.306446
0.0716651,0.162491,0.256173,0.260398,0.249273
0.193673,0.256027,0.227819,0.173475,0.149006
0.00727888,0.0428391,0.193504,0.341165,0.415213
0.118832,0.209483,0.250984,0.221969,0.198732
0.142467,0.225493,0.244381,0.204701,0.182957
0.0470559,0.128574,0.25081,0.28628,0.28728
0.124771,0.212849,0.249137,0.218094,0.195149
0.0422873,0.120409,0.247978,0.291388,0.297938
0.0660465,0.155832,0.256031,0.26588,0.25621
0.0652526,0.153696,0.254811,0.26723,0.259011
0.00777668,0.0438047,0.193354,0.338499,0.416565
0.0332257,0.105504,0.243204,0.302337,0.315729
0.0177617,0.0737037,0.225284,0.323788,0.359463
0.100755,0.192905,0.254101,0.235806,0.216433
0.560433,0.284144,0.0874925,0.0409244,0.0270061
0.540975,0.288557,0.0945119,0.0455019,0.0304544
0.137894,0.224352,0.246443,0.208573,0.182738
0.0786745,0.17015,0.255913,0.254364,0.240898
0.230441,0.27523,0.214946,0.15386,0.125524
0.0809551,0.172689,0.255889,0.251575,0.238892
0.0388668,0.114834,0.246293,0.295319,0.304687
0.0974314,0.188537,0.253766,0.238827,0.221437
0.0720482,0.161395,0.255027,0.260473,0.251057
0.227756,0.274477,0.216398,0.154612,0.126757
0.255552,0.285033,0.205508,0.141139,0.112768
0.00415968,0.0297885,0.171467,0.343671,0.450914
0.129778,0.217677,0.248259,0.214382,0.189904
0.00858971,0.0465705,0.197047,0.33697,0.410823
0.338944,0.301601,0.171901,0.106648,0.0809067
0.104115,0.195295,0.253319,0.232951,0.21432
0.028691,0.0962765,0.238181,0.308038,0.328814
0.0384581,0.115436,0.247525,0.295512,0.303069
0.0522825,0.137218,0.253393,0.279764,0.277343
0.0299733,0.0997248,0.240851,0.306415,0.323036
0.0181141,0.0737751,0.224564,0.322231,0.361316
0.104891,0.196882,0.253584,0.231673,0.21297
0.27732,0.29034,0.196838,0.131616,0.103886
0.130873,0.219806,0.248767,0.212826,0.187729
0.0555795,0.139411,0.2518,0.276481,0.276728
0.0614967,0.149295,0.254945,0.270373,0.26389
0.0724577,0.161162,0.254046,0.260009,0.252325
0.151624,0.233774,0.242425,0.199376,0.172802
0.00624281,0.039046,0.188225,0.34304,0.423447
0.0434336,0.122587,0.248935,0.289924,0.29512
0.0586764,0.145025,0.253757,0.274287,0.268254
0.48089,0.300687,0.116165,0.0604097,0.0418485
2.73815e-06,0.000270289,0.028971,0.265172,0.705584
0.00232809,0.020619,0.151383,0.344732,0.480938
0.00323036,0.0253103,0.162287,0.344185,0.464987
0.0135444,0.0619994,0.214656,0.330009,0.379791
0.0144376,0.0641184,0.216276,0.327574,0.377594
0.0249981,0.08985,0.235781,0.313421,0.33595
0.0425032,0.122295,0.249863,0.290743,0.294597
0.0271163,0.0943033,0.238344,0.310028,0.330209
0.0969349,0.188754,0.254126,0.23942,0.220766
0.0591039,0.145241,0.253714,0.273487,0.268455
0.0254261,0.0898709,0.235159,0.311974,0.33757
0.00578268,0.0367869,0.183694,0.342633,0.431103
0.015907,0.0689672,0.221509,0.326258,0.367359
0.0798868,0.171843,0.25616,0.252611,0.2395
0.0187618,0.0759254,0.226773,0.322418,0.356122
0.156564,0.23758,0.241364,0.195846,0.168647
0.0206937,0.0801828,0.229256,0.318994,0.350873
0.167023,0.2439,0.238075,0.188104,0.162898
0.0919451,0.181431,0.253403,0.242662,0.230558
0.204969,0.264946,0.225055,0.166604,0.138427
0.15634,0.235548,0.240665,0.196408,0.171039
0.12497,0.214375,0.249647,0.217181,0.193827
0.0782184,0.169774,0.255977,0.255451,0.24058
0.266733,0.288033,0.200878,0.136121,0.108236
0.0826709,0.174544,0.255951,0.250974,0.23586
0.0806977,0.171925,0.255517,0.253213,0.238647
0.0824129,0.174651,0.256122,0.251203,0.235611
0.0363049,0.110341,0.244407,0.298408,0.310539
0.0608642,0.148968,0.255343,0.271322,0.263502
0.0194009,0.0775604,0.228054,0.320966,0.35402
0.0166622,0.0707083,0.222752,0.32552,0.364358
0.0606218,0.148087,0.254587,0.272065,0.264639
0.0136421,0.0624944,0.215337,0.3296,0.378926
0.050424,0.133051,0.25144,0.282902,0.282183
0.00753734,0.0435416,0.19399,0.340647,0.414284
0.0437491,0.123491,0.249583,0.290234,0.292943
0.289941,0.294154,0.191832,0.125901,0.0981723
0.0478674,0.129692,0.250994,0.284851,0.286595
0.0308165,0.100942,0.240933,0.305621,0.321688
0.0661828,0.155449,0.25551,0.266168,0.25669
0.0260862,0.0916559,0.236262,0.311542,0.334455
0.454891,0.303422,0.126164,0.0678126,0.0477092
0.498372,0.297762,0.109864,0.0557657,0.0382359
0.147528,0.232317,0.244372,0.200902,0.174881
0.0292186,0.0979444,0.239651,0.307282,0.325904
0.0088226,0.0479535,0.19974,0.338088,0.405396
0.0647171,0.153837,0.255586,0.26732,0.258539
0.282429,0.291367,0.194658,0.129792,0.101754
0.508616,0.29616,0.105934,0.0531761,0.0361142
0.0284048,0.0968543,0.239619,0.308513,0.32661
0.414145,0.305949,0.141932,0.0800441,0.0579303
0.429331,0.305308,0.136141,0.075252,0.0539676
0.0883741,0.18025,0.255382,0.245529,0.230465
0.0990609,0.191382,0.254244,0.237097,0.218216
0.0774308,0.168815,0.256137,0.25555,0.242067
0.252313,0.28324,0.206477,0.143173,0.114797
0.0585217,0.144229,0.253253,0.274189,0.269807
0.0269579,0.0940672,0.238215,0.310301,0.330459
0.00632071,0.0391029,0.187779,0.342544,0.424254
0.0421461,0.120505,0.248143,0.291918,0.297287
0.0153952,0.0673516,0.219876,0.327363,0.370014
0.226221,0.273062,0.216582,0.155874,0.128261
0.447723,0.30421,0.128795,0.0698395,0.0494326
0.26023,0.284209,0.20335,0.14021,0.112002
0.206012,0.263171,0.223979,0.167374,0.139464
0.0412327,0.119398,0.248385,0.292197,0.298788
0.0697233,0.159524,0.255644,0.26294,0.252169
0.528321,0.291803,0.0988796,0.0484008,0.0325956
0.0397238,0.117424,0.248086,0.294617,0.300149
0.20695,0.265785,0.224301,0.165873,0.137092
0.159705,0.239592,0.240354,0.193741,0.166608
0.0388263,0.114745,0.246169,0.295103,0.305157
0.0121399,0.0584815,0.211813,0.332006,0.385559
0.0898127,0.182652,0.25576,0.244838,0.226937
0.0293438,0.0980844,0.239657,0.30694,0.325975
0.487521,0.299787,0.113699,0.0585884,0.0404041
0.00278968,0.0235292,0.159216,0.345831,0.468634
0.0690651,0.158841,0.255616,0.26388,0.252598
0.345639,0.303812,0.16926,0.103399,0.07789
0.0437107,0.124227,0.250477,0.289519,0.292065
0.00628871,0.0386103,0.186433,0.341962,0.426706
0.197466,0.259453,0.226953,0.172117,0.144011
0.105534,0.197317,0.253368,0.232318,0.211463
0.0351091,0.108553,0.244168,0.299787,0.312383
0.0396992,0.116927,0.247385,0.294661,0.301329
0.250951,0.282124,0.207133,0.144323,0.11547
0.0604318,0.146972,0.253803,0.271149,0.267644
0.202446,0.263883,0.226054,0.168179,0.139438
0.272239,0.289079,0.198728,0.134153,0.105802
0.0566791,0.143289,0.254502,0.275703,0.269828
0.218681,0.270142,0.21947,0.160542,0.131164
0.135252,0.22111,0.246653,0.210159,0.186826
0.147802,0.231675,0.24388,0.201597,0.175046
0.508459,0.296015,0.106045,0.0532356,0.0362455
0.208518,0.26403,0.222794,0.166041,0.138618
0.401317,0.306047,0.147044,0.0841972,0.0613949
0.0365582,0.111743,0.245801,0.29825,0.307648
0.0037364,0.0283424,0.16971,0.346534,0.451677
0.356177,0.304936,0.164928,0.0995367,0.0744218
0.0880168,0.180223,0.255524,0.245797,0.23044
0.374179,0.305706,0.157739,0.09348,0.0688965
0.0635316,0.152303,0.25544,0.268202,0.260522
0.0659071,0.155656,0.256012,0.266189,0.256237
0.106201,0.19657,0.252486,0.231443,0.2133
0.0104153,0.0532279,0.206185,0.335744,0.394427
0.0341117,0.107489,0.244336,0.30056,0.313502
0.0665856,0.156531,0.256108,0.265703,0.255072
0.239445,0.278171,0.21144,0.149051,0.121893
0.476838,0.30077,0.117927,0.0616336,0.0428312
0.475456,0.301695,0.118154,0.0618143,0.0428802
0.0591868,0.145697,0.254112,0.273167,0.267837
0.142008,0.226258,0.244633,0.20546,0.181641
0.275701,0.290086,0.197413,0.132636,0.104164
0.0211561,0.0815235,0.23071,0.318639,0.347971
0.034371,0.107518,0.243816,0.301303,0.312992
0.0654895,0.154229,0.255159,0.266885,0.258238
0.0752192,0.165624,0.255351,0.257789,0.246017
0.151064,0.234188,0.242874,0.199006,0.172869
0.0512379,0.13467,0.252076,0.281573,0.280443
0.0148686,0.0654367,0.217464,0.328137,0.374093
0.318032,0.299549,0.180346,0.114399,0.0876734
0.245961,0.281338,0.209353,0.146108,0.11724
0.19658,0.259141,0.227488,0.172404,0.144388
0.0138225,0.0622525,0.214183,0.329224,0.380518
0.116575,0.205521,0.250488,0.223134,0.204282
0.0988484,0.190543,0.253998,0.237854,0.218756
0.546881,0.287933,0.0921145,0.043947,0.0291243
0.0304569,0.100677,0.241218,0.305601,0.322047
0.144656,0.227628,0.244062,0.204117,0.179537
0.109382,0.199884,0.2521,0.229077,0.209558
0.0530977,0.136175,0.251802,0.279107,0.279819
0.221157,0.271557,0.218574,0.158621,0.130091
0.292962,0.294454,0.190404,0.124728,0.0974521
0.19822,0.260232,0.226799,0.171364,0.143385
0.0590715,0.146379,0.25469,0.273444,0.266415
0.11668,0.205715,0.250632,0.22352,0.203453
0.0643853,0.150748,0.252894,0.266697,0.265276
0.283892,0.291414,0.193895,0.128854,0.101945
0.186618,0.255568,0.231757,0.176997,0.149061
0.0646394,0.152255,0.254331,0.267727,0.261047
0.236907,0.277366,0.212632,0.151063,0.122032
0.0681852,0.158459,0.25622,0.264185,0.252951
0.217147,0.269455,0.219881,0.16063,0.132887
0.0683264,0.157917,0.255545,0.264389,0.253823
0.105181,0.198072,0.253994,0.231939,0.210814
0.0566277,0.143164,0.254459,0.27552,0.27023
0.0546178,0.140268,0.253887,0.277513,0.273714
0.0665651,0.156151,0.25584,0.265534,0.255909
0.115738,0.207488,0.252113,0.223651,0.201009
0.0906289,0.182968,0.255195,0.244665,0.226544
0.00391026,0.0292928,0.171918,0.346813,0.448066
0.0147388,0.0658528,0.218889,0.328241,0.372278
0.487197,0.299982,0.113874,0.0585671,0.0403807
0.444274,0.304627,0.130232,0.0708283,0.0500384
0.531428,0.291025,0.0978099,0.0476608,0.0320764
0.00844853,0.0468579,0.198704,0.338739,0.40725
0.0969808,0.190177,0.254943,0.238597,0.219302
6.09784e-05,0.0020179,0.0641913,0.312792,0.620938
0.454206,0.303623,0.126322,0.0679174,0.047931
0.073941,0.163212,0.254706,0.258442,0.249699
0.136503,0.222707,0.246804,0.209354,0.184633
0.135491,0.221784,0.246942,0.210063,0.18572
0.22767,0.273371,0.216115,0.155731,0.127113
0.241887,0.278278,0.210478,0.148654,0.120704
0.460406,0.302938,0.124093,0.0661644,0.0463989
0.0553867,0.141718,0.254249,0.276897,0.271749
0.00188622,0.0184313,0.146653,0.347828,0.485202
0.180443,0.252049,0.233571,0.18094,0.152997
0.0260382,0.0905432,0.234709,0.311185,0.337525
0.297354,0.29483,0.188624,0.123381,0.0958112
0.00128388,0.0142202,0.133047,0.345158,0.50629
0.188452,0.256878,0.231049,0.176047,0.147574
0.146658,0.23089,0.243868,0.202532,0.176052
0.00225288,0.0201498,0.149989,0.343437,0.484172
0.0363318,0.1108,0.244914,0.298831,0.309123
0.123603,0.212444,0.249641,0.218814,0.195497
0.483095,0.299572,0.115556,0.0600594,0.0417182
0.349241,0.302531,0.167796,0.102829,0.0776027
0.0623743,0.150735,0.255524,0.269771,0.261596
0.0166426,0.0706889,0.22277,0.325276,0.364622
0.0234711,0.0866316,0.233891,0.315483,0.340524
0.351866,0.303897,0.16669,0.101585,0.0759622
0.0275098,0.0940464,0.237077,0.308954,0.332412
0.0110326,0.0553563,0.208841,0.334822,0.389948
0.230351,0.274257,0.214944,0.154395,0.126054
0.376596,0.305206,0.156839,0.0928469,0.0685122
0.492776,0.298296,0.111922,0.0573715,0.0396346
0.165479,0.243564,0.238723,0.190021,0.162213
0.16967,0.245877,0.237374,0.186297,0.160783
0.0238647,0.0866877,0.233115,0.314993,0.34134
0.00133774,0.014892,0.136259,0.34661,0.500902
0.0267243,0.0924551,0.236367,0.31062,0.333834
0.0934296,0.184891,0.254624,0.241941,0.225114
0.423437,0.305502,0.138355,0.0772551,0.0554502
0.0102621,0.0517808,0.203399,0.332707,0.401851
0.0294833,0.098571,0.240191,0.306655,0.325099
0.0317047,0.102751,0.241827,0.304527,0.319191
0.00926041,0.0496538,0.202235,0.337765,0.401086
0.158115,0.238973,0.241212,0.194258,0.167443
0.0816644,0.172774,0.255354,0.251962,0.238246
0.00887015,0.0474449,0.197924,0.336439,0.409322
0.197211,0.261109,0.227877,0.171182,0.142622
0.032292,0.103265,0.241704,0.302993,0.319746
0.0794072,0.17141,0.256242,0.253261,0.239681
0.117112,0.208347,0.251474,0.222593,0.200474
0.0476373,0.129982,0.251553,0.284919,0.285909
0.00550801,0.0357429,0.181985,0.343337,0.433427
0.0547107,0.139096,0.252619,0.278193,0.275381
0.16818,0.244342,0.237206,0.188112,0.16216
0.109882,0.201828,0.252972,0.228356,0.206963
0.151018,0.23412,0.242988,0.199318,0.172556
0.543105,0.28803,0.0937617,0.045018,0.0300851
0.460327,0.303063,0.124083,0.0660878,0.0464384
0.206421,0.262881,0.223536,0.165341,0.141822
0.126311,0.215,0.248995,0.216028,0.193665
0.0510338,0.134488,0.252216,0.281666,0.280596
0.104453,0.197814,0.254312,0.232146,0.211275
0.052634,0.137163,0.252993,0.280099,0.277111
0.00110353,0.0131269,0.129922,0.344512,0.511336
0.56836,0.281266,0.0849904,0.0394739,0.0259098
0.588329,0.27528,0.0782018,0.0353502,0.0228397
0.0101358,0.0523231,0.20505,0.335863,0.396628
0.238559,0.279118,0.212272,0.149068,0.120983
0.220315,0.271234,0.219247,0.159134,0.130069
0.00849335,0.0466748,0.197873,0.338392,0.408567
0.0199663,0.0788134,0.228894,0.320566,0.35176
0.188882,0.25698,0.230683,0.175787,0.147667
0.0209145,0.0810139,0.230437,0.319197,0.348438
0.0573244,0.142233,0.253325,0.272668,0.274449
0.0829253,0.173737,0.255135,0.251182,0.237021
0.0567076,0.143272,0.254434,0.275587,0.27
0.420793,0.306213,0.139235,0.0778939,0.0558648
0.299076,0.295066,0.187983,0.122791,0.095083
0.154195,0.23582,0.241733,0.197486,0.170766
0.20536,0.264782,0.224796,0.166729,0.138333
0.0624626,0.150422,0.254947,0.270156,0.262013
0.00720819,0.0421915,0.191786,0.340306,0.418509
0.276094,0.290627,0.1974,0.132091,0.103788
0.0926326,0.183934,0.254427,0.242763,0.226243
0.0256904,0.0908875,0.235888,0.312424,0.33511
0.0318455,0.103634,0.24287,0.303907,0.317744
0.0279092,0.0952114,0.238045,0.309399,0.329436
0.0198953,0.0776294,0.22704,0.319838,0.355598
0.286439,0.292151,0.192933,0.127847,0.100631
0.269875,0.28842,0.199743,0.135198,0.106764
0.30997,0.297047,0.183493,0.118365,0.0911239
0.0445117,0.125156,0.250384,0.288387,0.291562
0.133757,0.220982,0.247257,0.211592,0.186411
0.0298199,0.0991297,0.24006,0.306688,0.324302
0.00698421,0.0417095,0.191805,0.341588,0.417913
0.124996,0.213624,0.249284,0.216482,0.195613
0.0359581,0.110749,0.245646,0.298949,0.308698
0.192903,0.259117,0.229199,0.173375,0.145406
0.429363,0.306007,0.135915,0.0750833,0.0536316
0.0284944,0.0973115,0.240135,0.30836,0.3257
0.0707637,0.161034,0.255952,0.261711,0.250539
0.0305277,0.100385,0.240684,0.305749,0.322654
0.277912,0.289624,0.196264,0.131884,0.104316
0.00384615,0.0286535,0.169931,0.345838,0.451731
0.0641877,0.152297,0.254796,0.26828,0.26044
0.0509895,0.134724,0.252478,0.281717,0.280091
0.225001,0.273236,0.21719,0.155543,0.12903
0.121204,0.210116,0.25014,0.220628,0.197912
0.0508113,0.133984,0.251844,0.282343,0.281018
0.0344155,0.107348,0.243449,0.30115,0.313638
0.0829393,0.17488,0.255842,0.250384,0.235955
0.023796,0.0865644,0.232926,0.314993,0.341721
0.0793625,0.170712,0.255664,0.254386,0.239875
0.0878605,0.18071,0.255973,0.246233,0.229224
0.047761,0.129996,0.251579,0.284949,0.285716
0.0704431,0.160696,0.255886,0.262021,0.250953
0.0284849,0.0966399,0.238962,0.308613,0.3273
0.104115,0.196243,0.253637,0.233234,0.212771
0.0223019,0.0834209,0.231131,0.316702,0.346444
0.0391456,0.1143,0.24548,0.292188,0.308886
0.0242974,0.0885502,0.235266,0.31418,0.337706
0.0596646,0.145892,0.253582,0.273176,0.267685
0.0906345,0.183221,0.255502,0.243754,0.226889
0.0129056,0.0602187,0.212921,0.331152,0.382803
0.238135,0.278746,0.212295,0.149759,0.121065
0.00256231,0.0223985,0.1567,0.347302,0.471038
0.0414089,0.120416,0.249207,0.292238,0.29673
0.0737292,0.164175,0.255661,0.259517,0.246917
0.0073556,0.0431687,0.194008,0.341122,0.414345
0.0973034,0.190903,0.255246,0.238025,0.218522
0.203263,0.264478,0.225673,0.167536,0.13905
0.0207686,0.0808936,0.230645,0.318797,0.348896
0.107924,0.199696,0.253029,0.230332,0.209019
0.0663032,0.154447,0.254578,0.265597,0.259075
0.0434127,0.123398,0.249876,0.289702,0.293611
0.0127787,0.0603408,0.213672,0.331764,0.381445
0.0714654,0.161638,0.255784,0.261241,0.249872
0.395006,0.306179,0.149437,0.0863499,0.0630288
0.0632737,0.152217,0.25556,0.268704,0.260245
0.262544,0.285874,0.202697,0.138203,0.110682
0.129059,0.216636,0.248222,0.214851,0.191232
0.0451337,0.125063,0.249282,0.288163,0.292358
0.178853,0.2515,0.23407,0.181789,0.153789
0.0580725,0.144997,0.254541,0.274038,0.268351
0.0799809,0.171478,0.25591,0.253474,0.239157
0.00358682,0.0271234,0.16638,0.343344,0.459565
0.181882,0.249717,0.231854,0.180035,0.156513
0.00535868,0.0348801,0.18025,0.342141,0.437371
0.0505231,0.132878,0.251322,0.282195,0.283082
0.084551,0.176252,0.255382,0.249938,0.233877
0.0673536,0.155742,0.254788,0.265155,0.25696
0.205591,0.263115,0.223833,0.167078,0.140383
0.0449204,0.125199,0.249819,0.28868,0.291381
0.442513,0.304388,0.131021,0.0713774,0.0507004
0.007788,0.0447212,0.196295,0.339761,0.411435
0.0314016,0.102313,0.242134,0.304155,0.319996
0.0606722,0.147038,0.253682,0.271995,0.266612
0.0137151,0.0621327,0.214184,0.329166,0.380803
0.142828,0.227505,0.244855,0.20543,0.179383
0.0692545,0.157817,0.254578,0.262874,0.255477
0.0641633,0.15227,0.254532,0.268423,0.260612
0.00157277,0.0165358,0.141559,0.347928,0.492404
0.129722,0.218227,0.248435,0.214347,0.189269
0.00997484,0.0508228,0.202674,0.333305,0.403224
0.0418112,0.119918,0.248074,0.29211,0.298087
0.100909,0.192844,0.253919,0.236045,0.216283
0.448769,0.304238,0.128368,0.0694822,0.0491428
0.171999,0.246522,0.236172,0.18641,0.158897
0.0605121,0.146829,0.253992,0.270691,0.267976
0.0945494,0.185986,0.254307,0.240839,0.224319
0.0933315,0.185494,0.255019,0.241572,0.224584
0.251234,0.281732,0.207019,0.14398,0.116035
0.0981377,0.189999,0.254147,0.238405,0.219311
0.0581452,0.143301,0.253159,0.273923,0.271472
0.0512885,0.135136,0.252614,0.281549,0.279413
0.0421536,0.121786,0.249769,0.291317,0.294975
0.00841776,0.0469074,0.198983,0.338706,0.406986
0.0879835,0.180182,0.255295,0.246391,0.230148
0.0832421,0.175692,0.256041,0.250612,0.234414
0.0249457,0.0885586,0.233829,0.312863,0.339803
0.367457,0.305219,0.160493,0.0959088,0.0709217
0.0212666,0.0820775,0.231439,0.318234,0.346983
0.102067,0.19526,0.254482,0.234043,0.214148
0.0892832,0.181734,0.255727,0.244482,0.228775
0.0212574,0.0816903,0.230758,0.318643,0.347652
0.387253,0.305849,0.152496,0.0889179,0.0654839
0.0239745,0.0860881,0.231931,0.313366,0.34464
0.0201261,0.0793757,0.229458,0.320073,0.350967
0.0116525,0.0570006,0.210259,0.332933,0.388154
0.087049,0.178389,0.254946,0.247388,0.232229
0.24679,0.28035,0.208567,0.145462,0.118832
0.10658,0.198247,0.253304,0.231095,0.210773
0.209453,0.264854,0.222891,0.165397,0.137404
0.0379166,0.113989,0.246566,0.296899,0.304629
0.0101816,0.0528176,0.206024,0.335489,0.395488
0.0374596,0.11384,0.247137,0.297058,0.304505
0.0737525,0.165198,0.256398,0.25856,0.246092
0.117483,0.20887,0.251523,0.222345,0.199779
0.000954166,0.0120611,0.126684,0.346292,0.514009
0.0773428,0.169133,0.25627,0.255453,0.241801
0.0300237,0.100059,0.241134,0.306531,0.322253
0.00669662,0.0407887,0.190755,0.341669,0.42009
0.0883111,0.181033,0.255741,0.245663,0.229252
0.0586844,0.146124,0.254881,0.272941,0.267369
0.0639106,0.152005,0.254859,0.267571,0.261654
0.290603,0.293539,0.191458,0.125593,0.0988069
0.000565871,0.00864035,0.111952,0.341177,0.537664
0.013347,0.0616384,0.214663,0.33028,0.380072
0.0215967,0.0824582,0.231257,0.318169,0.346519
0.323861,0.300368,0.178102,0.112218,0.0854503
0.123226,0.213216,0.250395,0.218623,0.19454
0.234571,0.276463,0.213337,0.151737,0.123892
0.292327,0.294554,0.19068,0.123797,0.0986419
0.037484,0.112991,0.246191,0.296768,0.306566
0.0618705,0.148595,0.254028,0.270422,0.265085
0.0646595,0.152847,0.254844,0.268016,0.259633
0.387963,0.305518,0.152519,0.0884303,0.0655697
0.0544946,0.139536,0.253367,0.277736,0.274866
0.204834,0.262831,0.224277,0.168082,0.139977
0.0415779,0.119361,0.247755,0.290841,0.300465
0.0582313,0.145317,0.254982,0.273633,0.267837
0.0431466,0.121997,0.248615,0.290781,0.295461
0.00521938,0.0347515,0.181059,0.344378,0.434593
0.0226901,0.083942,0.23126,0.315805,0.346303
0.0477755,0.130102,0.251571,0.284871,0.285681
0.0114613,0.0562871,0.209241,0.333656,0.389355
0.211196,0.26791,0.222865,0.163224,0.134805
0.0132678,0.0616206,0.214842,0.33073,0.379539
0.527574,0.292477,0.0989809,0.0484561,0.0325122
0.00995245,0.0514516,0.203684,0.335937,0.398975
0.0574583,0.144644,0.254846,0.27475,0.268302
0.0682289,0.158221,0.255784,0.264216,0.25355
0.283314,0.291696,0.194228,0.129378,0.101384
0.0485618,0.130052,0.250714,0.284194,0.286478
0.0950498,0.188013,0.255465,0.239537,0.221935
0.0431495,0.122723,0.249538,0.290625,0.293964
0.196911,0.259749,0.227504,0.171807,0.144029
0.0147263,0.0655376,0.218293,0.328576,0.372867
0.0188516,0.0748335,0.224385,0.320946,0.360984
0.0477275,0.129179,0.250738,0.284186,0.28817
0.0557012,0.1411,0.253249,0.277031,0.272918
0.424988,0.304613,0.137802,0.0769671,0.0556297
0.0237699,0.0872574,0.234268,0.314931,0.339773
0.0173076,0.072429,0.224428,0.323976,0.361858
0.0948642,0.188059,0.255281,0.239834,0.221962
0.133213,0.220975,0.247767,0.211033,0.187012
0.267325,0.286821,0.200409,0.136703,0.108743
0.025074,0.089268,0.23467,0.312796,0.338192
0.200963,0.261793,0.226037,0.169237,0.141969
0.100852,0.192218,0.253778,0.235183,0.217968
0.255355,0.283106,0.205292,0.142093,0.114154
0.0999115,0.192694,0.254457,0.236707,0.21623
0.0634635,0.151252,0.254532,0.269122,0.26163
0.00316495,0.0255244,0.163814,0.346887,0.460609
0.0187339,0.0750293,0.225236,0.322018,0.358982
0.251004,0.282448,0.207274,0.143845,0.115427
0.0340224,0.106813,0.243559,0.301201,0.314405
0.076293,0.167672,0.256176,0.256825,0.243034
0.738056,0.209012,0.0341648,0.0118947,0.0068726
0.628052,0.26181,0.065147,0.027554,0.017438
0.528617,0.29235,0.098737,0.0477825,0.0325134
0.401051,0.306428,0.146949,0.0841592,0.0614126
0.0090693,0.0487643,0.200724,0.33737,0.404072
0.598277,0.272974,0.0744769,0.0330018,0.0212706
0.274441,0.289815,0.197946,0.132873,0.104925
0.0492346,0.130679,0.250415,0.283716,0.285954
0.322834,0.298949,0.1784,0.113009,0.0868082
0.408223,0.305551,0.144254,0.0822006,0.0597706
0.0185354,0.0743421,0.224233,0.322223,0.360667
0.154022,0.235934,0.242219,0.197113,0.170712
0.0110539,0.053852,0.205501,0.331506,0.398087
0.194023,0.258906,0.22858,0.173239,0.145252
0.0208007,0.0807079,0.230144,0.319345,0.349003
0.143596,0.22668,0.243974,0.204833,0.180918
0.14525,0.229833,0.24425,0.20359,0.177078
0.057365,0.142634,0.253317,0.275153,0.271531
0.0442489,0.12518,0.25071,0.288654,0.291207
0.589408,0.274546,0.0779812,0.0349919,0.0230726
0.174768,0.248042,0.2352,0.184172,0.157817
0.0397996,0.116856,0.247357,0.294269,0.301718
0.171209,0.245818,0.236345,0.18723,0.159398
0.0408163,0.118808,0.248115,0.293347,0.298915
0.0203138,0.0791957,0.228642,0.320208,0.35164
0.0221757,0.0840646,0.23274,0.316798,0.344221
0.0193154,0.0772241,0.227629,0.321604,0.354227
0.0671185,0.156557,0.255667,0.265385,0.255272
0.147117,0.231601,0.244269,0.201913,0.1751
0.019656,0.0780295,0.228172,0.32088,0.353263
0.0314776,0.101991,0.241079,0.304706,0.320746
0.0270328,0.0934829,0.237026,0.309971,0.332487
0.0464791,0.12776,0.250635,0.286481,0.288646
0.0232773,0.086108,0.233391,0.315639,0.341585
0.0061038,0.038215,0.186359,0.341557,0.427765
0.010159,0.0519644,0.204082,0.335409,0.398386
0.0144977,0.0645249,0.216884,0.328386,0.375707
0.0609234,0.147415,0.253825,0.270875,0.266962
0.144834,0.228437,0.244165,0.203752,0.178812
0.105274,0.198262,0.254057,0.231513,0.210893
0.137196,0.224912,0.24724,0.207892,0.18276
0.166897,0.244741,0.23828,0.18871,0.161372
0.124304,0.213207,0.249599,0.218385,0.194505
0.0562216,0.141573,0.253411,0.276288,0.272506
0.0206801,0.0806653,0.230521,0.31892,0.349214
0.0561643,0.140762,0.252609,0.276548,0.273916
0.106443,0.197363,0.252673,0.232004,0.211518
0.0257506,0.0915046,0.236765,0.312591,0.333389
0.0277516,0.0956387,0.238986,0.309535,0.328088
0.062234,0.150664,0.255252,0.269518,0.262332
0.0974811,0.190798,0.255074,0.237851,0.218796
0.130123,0.219558,0.248824,0.212898,0.188597
0.0574523,0.144797,0.25505,0.274302,0.268398
0.105091,0.19885,0.25466,0.231099,0.2103
0.0689741,0.158588,0.255572,0.263604,0.253262
0.115708,0.205587,0.250964,0.223992,0.203749
0.185349,0.2527,0.231142,0.176829,0.15398
0.0729699,0.162278,0.255035,0.258687,0.25103
0.0355109,0.109247,0.244449,0.298995,0.311799
0.286086,0.293158,0.193472,0.127364,0.0999204
0.0439555,0.124573,0.250561,0.289395,0.291516
0.0170141,0.0707973,0.22172,0.324133,0.366335
0.0992121,0.19021,0.253556,0.237069,0.219952
0.122937,0.210275,0.248844,0.218384,0.19956
0.532904,0.290702,0.0972777,0.0473111,0.0318052
0.246877,0.280872,0.208975,0.145616,0.117659
0.210549,0.265796,0.22233,0.164574,0.136751
0.109517,0.201659,0.253135,0.228681,0.207008
0.103038,0.194544,0.253572,0.234378,0.214468
0.00487399,0.0334897,0.17922,0.344989,0.437426
0.0222097,0.0837084,0.231888,0.317373,0.344821
0.174638,0.247082,0.235014,0.185124,0.158143
0.104866,0.195914,0.253321,0.232344,0.213556
0.110345,0.200805,0.252112,0.228638,0.2081
0.0709159,0.161905,0.256466,0.261236,0.249477
0.185465,0.255282,0.231982,0.177705,0.149566
0.108696,0.201463,0.253471,0.229088,0.207283
0.0569462,0.142699,0.253647,0.275355,0.271353
0.0915158,0.182981,0.25451,0.243955,0.227039
0.145359,0.22931,0.244274,0.203418,0.177638
0.0822019,0.173174,0.255255,0.251798,0.237572
0.0386681,0.114986,0.24673,0.295804,0.303811
0.19875,0.260035,0.226472,0.171168,0.143576
0.218928,0.271529,0.219909,0.159178,0.130456
0.103391,0.19453,0.253324,0.233571,0.215184
0.400834,0.306407,0.147109,0.0843186,0.0613319
0.0821308,0.173883,0.255657,0.251553,0.236776
0.0428671,0.121915,0.248933,0.290243,0.296043
0.0257817,0.0915698,0.236811,0.31233,0.333508
0.0161235,0.0688273,0.220345,0.326395,0.36831
0.0841655,0.175251,0.255,0.249346,0.236237
0.0282844,0.096665,0.239631,0.308563,0.326857
0.0357862,0.110575,0.245511,0.299559,0.308569
0.00835084,0.045856,0.196338,0.338139,0.411316
0.0618553,0.149227,0.254265,0.27118,0.263473
0.0397333,0.116682,0.24719,0.293486,0.302908
0.0466784,0.128704,0.251585,0.286054,0.286979
0.0143954,0.0650941,0.218319,0.329,0.373191
0.0579581,0.145194,0.254811,0.274119,0.267917
0.108763,0.200935,0.253163,0.229268,0.20787
0.0466181,0.127347,0.250529,0.285297,0.290209
0.140894,0.225341,0.245107,0.205522,0.183137
0.116387,0.205829,0.250884,0.223255,0.203645
0.294323,0.294783,0.189853,0.124152,0.0968887
0.0102291,0.0528979,0.206245,0.335948,0.39468
0.0100037,0.0518966,0.204514,0.336494,0.397092
0.00844128,0.0467494,0.198422,0.338829,0.407559
0.477747,0.30029,0.117558,0.061515,0.0428897
0.149371,0.23186,0.242878,0.201162,0.174729
0.201192,0.262102,0.2261,0.169483,0.141123
0.104443,0.195224,0.253049,0.233172,0.214113
0.0355856,0.109788,0.244937,0.299589,0.310101
0.0131113,0.0599707,0.211601,0.329265,0.386052
0.22523,0.271985,0.217066,0.156829,0.128889
0.19288,0.258312,0.229177,0.174113,0.145518
0.0254494,0.0910602,0.236652,0.312695,0.334143
0.0149914,0.0657255,0.217796,0.327681,0.373807
0.0410897,0.118684,0.247862,0.292118,0.300246
0.330772,0.299757,0.17504,0.109857,0.0845732
0.0738679,0.164777,0.255943,0.258919,0.246494
0.036585,0.111174,0.245012,0.298701,0.308528
0.110274,0.200166,0.251725,0.228728,0.209108
0.0694864,0.159587,0.255897,0.262783,0.252246
0.0909199,0.183041,0.255093,0.244031,0.226915
0.0369313,0.112567,0.246365,0.297552,0.306585
0.0318226,0.102832,0.241792,0.303557,0.319997
0.0466673,0.128459,0.251159,0.28671,0.287005
0.569436,0.281182,0.0845068,0.039212,0.0256633
0.564308,0.282675,0.0862769,0.0402818,0.0264591
0.324181,0.298748,0.177732,0.112381,0.0869586
0.606394,0.269393,0.0722061,0.0317635,0.0202443
0.60796,0.268917,0.0716691,0.0314438,0.0200105
0.31339,0.298117,0.18232,0.116572,0.0896013
0.00235788,0.0212142,0.153895,0.347506,0.475027
0.421929,0.306221,0.138796,0.0774933,0.0555616
0.000873782,0.0111461,0.122096,0.341656,0.524229
0.00805288,0.0456642,0.197436,0.339741,0.409106
0.0201567,0.0790111,0.228723,0.320474,0.351636
0.0263379,0.0924911,0.23704,0.311635,0.332496
0.00430137,0.0304211,0.172807,0.343618,0.448852
0.0421921,0.121913,0.249851,0.291154,0.294889
0.0584614,0.146071,0.255093,0.273424,0.26695
0.488917,0.299668,0.113192,0.0582323,0.0399906
0.0477137,0.129884,0.251534,0.285204,0.285665
0.0566586,0.14262,0.253869,0.275942,0.270911
0.026084,0.0910965,0.235351,0.311638,0.33583
0.0710275,0.16213,0.256379,0.260976,0.249488
0.00950567,0.0504499,0.203307,0.336632,0.400106
0.0522685,0.13655,0.252929,0.279663,0.27859
0.689436,0.234633,0.0469898,0.0181164,0.0108246
0.0633436,0.150954,0.254502,0.268675,0.262525
0.0232202,0.0861326,0.233669,0.315876,0.341102
0.0989176,0.191664,0.25468,0.236945,0.217794
0.0205153,0.0790734,0.227851,0.318208,0.354353
0.0713539,0.160779,0.255248,0.261015,0.251604
0.086735,0.178407,0.255168,0.247534,0.232157
0.11129,0.20223,0.252278,0.227618,0.206584
0.0486385,0.130988,0.251423,0.284495,0.284455
0.0586359,0.145827,0.254804,0.273421,0.267311
0.0457887,0.126902,0.250856,0.287251,0.289203
0.138091,0.224997,0.246861,0.207875,0.182176
0.0663568,0.155352,0.25547,0.265873,0.256949
0.0206254,0.079976,0.229392,0.318782,0.351224
0.0816908,0.174166,0.256323,0.25141,0.236409
0.0488082,0.131568,0.251949,0.283945,0.283731
0.44176,0.304702,0.131212,0.0715829,0.0507421
0.0412356,0.118798,0.247529,0.293008,0.299429
0.053573,0.137611,0.252289,0.279204,0.277323
0.0845196,0.175531,0.255009,0.249663,0.235278
0.136748,0.223213,0.246475,0.209509,0.184056
0.0568172,0.142299,0.253411,0.274675,0.272799
0.0686527,0.158759,0.256029,0.26337,0.253189
0.0546783,0.140611,0.254082,0.277334,0.273295
0.0219658,0.08337,0.231932,0.317324,0.345408
0.141661,0.22584,0.244998,0.206316,0.181184
0.0427112,0.121439,0.248674,0.290943,0.296232
0.118123,0.207051,0.25023,0.222452,0.202144
0.000519212,0.00805296,0.108565,0.339522,0.54334
0.0439038,0.123496,0.249271,0.28975,0.29358
0.0325406,0.103311,0.241621,0.302538,0.319989
0.0161805,0.0685413,0.219892,0.325498,0.369888
0.0178484,0.0724093,0.223093,0.321482,0.365168
0.0301084,0.0986626,0.238882,0.305118,0.327229
0.0364021,0.111765,0.246207,0.298393,0.307234
0.0849631,0.177068,0.255657,0.248315,0.233997
0.420312,0.305837,0.139429,0.0781759,0.0562465
0.342975,0.303448,0.170252,0.104536,0.0787892
