	0	1	2	3	4	classes
0	0.0668069	0.331866	0.321276	0.18564	0.0944118	2
1	0.0126398	0.128925	0.21227800000000002	0.269741	0.376416	5
2	0.00499716	0.152403	0.295229	0.333617	0.21375500000000003	4
3	0.00836849	0.136882	0.251421	0.301027	0.302302	5
4	0.737733	0.119921	0.0495206	0.0314013	0.0614245	1
5	0.188277	0.375195	0.24087600000000003	0.129807	0.0658452	2
6	0.0104045	0.156419	0.295684	0.335527	0.201966	4
7	0.140207	0.13313599999999998	0.195929	0.245692	0.285036	5
8	0.27632399999999996	0.12300799999999999	0.168768	0.151776	0.280124	5
9	0.0220251	0.14431	0.209544	0.27560999999999997	0.348511	5
10	0.0580925	0.186834	0.25055900000000003	0.27082399999999995	0.23369099999999998	4
11	0.07807539999999999	0.24368299999999998	0.25298699999999996	0.225829	0.199427	3
12	0.0270269	0.12584800000000002	0.261867	0.33866199999999996	0.24659699999999998	4
13	0.0575014	0.17529	0.19584400000000002	0.24937600000000001	0.32198699999999997	5
14	0.059161	0.07994860000000001	0.0944427	0.122376	0.644072	5
15	0.214044	0.307813	0.262223	0.134588	0.0813314	2
16	0.00792406	0.160655	0.290577	0.326923	0.213921	4
17	0.219516	0.10466099999999999	0.146606	0.185101	0.344117	5
18	0.0105223	0.13988399999999998	0.23535999999999999	0.285881	0.328352	5
19	0.423843	0.10546099999999999	0.104546	0.107886	0.258264	1
20	0.00586623	0.0656893	0.10752	0.170269	0.650655	5
21	0.0540788	0.16065	0.25041599999999997	0.299207	0.235648	4
22	0.0123903	0.16539500000000001	0.293591	0.332903	0.195721	4
23	0.0200046	0.20716500000000002	0.255786	0.279358	0.23768699999999998	4
24	0.012526100000000002	0.168048	0.287914	0.328096	0.203416	4
25	0.019967500000000003	0.141013	0.264529	0.332084	0.24240599999999998	4
26	0.12293499999999999	0.24648299999999998	0.263658	0.23238499999999998	0.13453900000000002	3
27	0.0426657	0.20758800000000002	0.292075	0.288061	0.16960999999999998	3
28	0.00626392	0.136319	0.26255700000000004	0.306289	0.288572	4
29	0.00525913	0.150036	0.289669	0.322395	0.23264	4
30	0.00242687	0.07058239999999999	0.177981	0.262927	0.48608199999999996	5
31	0.00701978	0.13908900000000002	0.25697600000000004	0.305131	0.291784	4
32	0.0101051	0.13794700000000001	0.27212	0.337007	0.242821	4
33	0.0480249	0.299255	0.345702	0.200827	0.10619100000000001	3
34	0.020606799999999998	0.176573	0.255161	0.299611	0.248048	4
35	0.0166178	0.156372	0.247405	0.30954899999999996	0.27005500000000005	4
36	0.0111117	0.150977	0.272971	0.327347	0.23759299999999997	4
37	0.0129703	0.154578	0.25740599999999997	0.305994	0.269052	4
38	0.0667325	0.26049	0.335952	0.2211	0.115725	3
39	0.0123051	0.140868	0.226496	0.27468000000000004	0.345652	5
40	0.26416	0.330237	0.20829299999999998	0.12462000000000001	0.0726898	2
41	0.11738399999999999	0.176454	0.18292	0.218782	0.30446100000000004	5
42	0.220973	0.143406	0.138801	0.17160799999999998	0.32521300000000003	5
43	0.0175054	0.102441	0.263252	0.357892	0.258909	4
44	0.28418899999999997	0.207258	0.148784	0.128799	0.230971	1
45	0.011704899999999999	0.12082000000000001	0.24480700000000002	0.329009	0.293658	4
46	0.014107900000000001	0.117683	0.23337	0.321474	0.313365	4
47	0.0619732	0.154824	0.172402	0.219973	0.390828	5
48	0.00696557	0.161746	0.29383899999999996	0.32826	0.20918899999999999	4
49	0.00862924	0.14999200000000001	0.267913	0.318295	0.255171	4
50	0.489367	0.266024	0.13488599999999998	0.06542200000000001	0.0443014	1
51	0.0052582	0.11888299999999999	0.256421	0.337537	0.281901	4
52	0.29523	0.150154	0.109649	0.155886	0.289081	1
53	0.028695599999999995	0.19259600000000002	0.30441999999999997	0.295091	0.179198	3
54	0.00804809	0.159656	0.289951	0.324653	0.217692	4
55	0.00619501	0.152304	0.283098	0.319332	0.239071	4
56	0.00642129	0.142099	0.26661999999999997	0.31524	0.269619	4
57	0.05962719999999999	0.230289	0.345908	0.238156	0.12602	3
58	0.00542332	0.149397	0.287121	0.322753	0.235306	4
59	0.058046400000000005	0.119545	0.2203	0.286283	0.315826	5
60	0.07478939999999999	0.161281	0.175837	0.231133	0.35696	5
61	0.0252581	0.334928	0.377986	0.153042	0.108786	3
62	0.468801	0.213939	0.157151	0.0823834	0.0777257	1
63	0.38919000000000004	0.26252800000000004	0.18286	0.0964914	0.06893060000000001	1
64	0.0208213	0.159114	0.272271	0.31385	0.233944	4
65	0.014421999999999999	0.145897	0.253418	0.290144	0.296119	5
66	0.00644655	0.13111099999999998	0.255274	0.297408	0.309761	5
67	0.00556139	0.137606	0.26614699999999997	0.308382	0.282304	4
68	0.0736548	0.293774	0.317004	0.211011	0.104557	3
69	0.682766	0.21986999999999998	0.0681955	0.0177697	0.011398899999999998	1
70	0.010325	0.128518	0.214333	0.267838	0.37898699999999996	5
71	0.0172341	0.15398	0.257775	0.292229	0.27878200000000003	4
72	0.0257947	0.162314	0.23986999999999997	0.280948	0.291074	5
73	0.014213299999999998	0.102672	0.153872	0.219685	0.5095569999999999	5
74	0.0158542	0.13514	0.21084299999999997	0.268796	0.369367	5
75	0.009849799999999999	0.12754300000000002	0.2256	0.27681100000000003	0.360197	5
76	0.563104	0.22241799999999998	0.0906202	0.0668263	0.0570313	1
77	0.119494	0.298915	0.283738	0.193751	0.104102	2
78	0.00736812	0.13143	0.256139	0.295069	0.309994	5
79	0.11435	0.146122	0.0164446	0.06612439999999999	0.656958	5
80	0.0837238	0.13322799999999999	0.126721	0.174854	0.48147299999999993	5
81	0.00526945	0.114247	0.23243000000000003	0.27866599999999997	0.36938699999999997	5
82	0.00641597	0.11806099999999999	0.229685	0.275836	0.370001	5
83	0.00445206	0.10856700000000001	0.230377	0.278489	0.37811500000000003	5
84	0.012406499999999999	0.110822	0.155398	0.21353200000000003	0.507841	5
85	0.210038	0.29652399999999995	0.23854499999999998	0.159565	0.0953285	2
86	0.053458500000000006	0.126649	0.22780999999999998	0.272306	0.319776	5
87	0.527908	0.29753	0.120701	0.0359444	0.0179171	1
88	0.00543878	0.105673	0.189939	0.244883	0.454067	5
89	0.00286425	0.0861834	0.181653	0.246504	0.482795	5
90	0.00688711	0.10206699999999999	0.180784	0.241808	0.468454	5
91	0.00204268	0.08288150000000001	0.194719	0.252133	0.46822299999999994	5
92	0.00225361	0.0790752	0.171302	0.23482199999999998	0.512547	5
93	0.013749700000000002	0.169969	0.291743	0.294873	0.229665	4
94	0.0704163	0.102699	0.21444699999999997	0.28580500000000003	0.326633	5
95	0.0186417	0.13994600000000001	0.26392600000000005	0.316538	0.260949	4
96	0.154584	0.31697	0.257282	0.166516	0.104647	2
97	0.02891	0.16733699999999999	0.23945300000000003	0.285954	0.278345	4
98	0.0188447	0.178734	0.279046	0.316218	0.20715799999999998	4
99	0.124069	0.149397	0.155033	0.210833	0.360667	5
100	0.0107229	0.162634	0.283036	0.32526	0.21834699999999999	4
101	0.00799576	0.15238800000000002	0.299168	0.34066	0.19978800000000002	4
102	0.13683599999999999	0.0646483	0.163157	0.191745	0.443614	5
103	0.558617	0.250774	0.0885668	0.0538776	0.0481643	1
104	0.054499599999999995	0.341463	0.326138	0.182579	0.0953204	2
105	0.0491579	0.154543	0.22770100000000001	0.275074	0.29352399999999995	5
106	0.158725	0.124411	0.160734	0.21345300000000003	0.342677	5
107	0.029418200000000002	0.362721	0.31518	0.178793	0.11388800000000002	2
108	0.00508347	0.15126199999999998	0.29168299999999997	0.32788	0.22409099999999998	4
109	0.374233	0.11776099999999999	0.11700999999999999	0.132555	0.258441	1
110	0.0231055	0.123206	0.23798899999999998	0.32576900000000003	0.28993	4
111	0.00685613	0.153317	0.281331	0.321361	0.23713499999999998	4
112	0.0270748	0.187828	0.243552	0.286478	0.255067	4
113	0.0306346	0.22323099999999998	0.25435	0.268479	0.22330500000000003	4
114	0.027941200000000003	0.177425	0.266488	0.298128	0.230017	4
115	0.363971	0.0844872	0.102721	0.132194	0.316628	1
116	0.0301728	0.205116	0.265748	0.289084	0.209879	4
117	0.18213800000000002	0.19317	0.20088	0.21120100000000003	0.21261100000000002	5
118	0.010938799999999999	0.17105499999999998	0.28741700000000003	0.320184	0.21040599999999998	4
119	0.011452	0.170809	0.276405	0.31387800000000005	0.227456	4
120	0.00397466	0.130634	0.269872	0.315938	0.279582	4
121	0.186422	0.08112180000000001	0.0886247	0.12978599999999998	0.514045	5
122	0.000936642	0.11688399999999999	0.307629	0.359639	0.21491	4
123	0.0109013	0.171378	0.287091	0.321845	0.208785	4
124	0.5258550000000001	0.0683216	0.08508769999999999	0.06854160000000001	0.25219400000000003	1
125	0.0152429	0.13020299999999999	0.27772600000000003	0.34839200000000003	0.228436	4
126	0.00326068	0.106156	0.227796	0.28127399999999997	0.38151399999999996	5
127	0.0121863	0.162546	0.27641	0.311629	0.23722800000000002	4
128	0.00859223	0.133499	0.24963600000000002	0.292502	0.31577	5
129	0.301996	0.121156	0.13573	0.165224	0.275893	1
130	0.0503772	0.109714	0.202353	0.264897	0.372659	5
131	0.0984935	0.0933008	0.22358499999999998	0.259781	0.32484	5
132	0.00881588	0.151592	0.297163	0.34120500000000004	0.20122400000000001	4
133	0.00483666	0.0824347	0.157202	0.22382	0.5317069999999999	5
134	0.0937339	0.110095	0.217212	0.28560599999999997	0.29335300000000003	5
135	0.24239899999999998	0.102043	0.15517999999999998	0.197069	0.303309	5
136	0.0444968	0.17347	0.258506	0.299689	0.22383699999999998	4
137	0.00556876	0.154581	0.28663099999999997	0.331357	0.221861	4
138	0.00872092	0.144189	0.308742	0.32149	0.21685900000000002	4
139	0.185092	0.209558	0.0533322	0.12269400000000001	0.429324	5
140	0.231325	0.20359000000000002	0.0890816	0.14657	0.329434	5
141	0.49142700000000006	0.283876	0.131072	0.057383800000000006	0.0362416	1
142	0.0467344	0.22578299999999998	0.311754	0.268316	0.14741300000000002	3
143	0.0718317	0.288362	0.303175	0.210838	0.12579300000000002	3
144	0.0910057	0.11649300000000001	0.166214	0.24310700000000002	0.38318	5
145	0.166259	0.227933	0.295586	0.161827	0.148395	3
146	0.0202734	0.180538	0.271793	0.312909	0.214486	4
147	0.246677	0.179226	0.0551507	0.10906099999999999	0.40988500000000005	5
148	0.151558	0.278791	0.232026	0.195925	0.141701	2
149	0.41711000000000004	0.07556	0.100168	0.12046300000000001	0.286699	1
150	0.247759	0.0998015	0.160777	0.203388	0.288275	5
151	0.00583153	0.159411	0.31040100000000004	0.338124	0.18623299999999998	4
152	0.08050299999999999	0.28641500000000003	0.289986	0.218691	0.12440599999999999	3
153	0.370848	0.11245799999999999	0.11645799999999999	0.12964	0.270596	1
154	0.00820841	0.163848	0.298456	0.32953899999999997	0.19994800000000001	4
155	0.0257872	0.141238	0.268286	0.336517	0.22817199999999999	4
156	0.049451800000000004	0.180759	0.186191	0.23369299999999998	0.349905	5
157	0.021097499999999998	0.127134	0.180514	0.242125	0.429129	5
158	0.0239343	0.195853	0.23057600000000003	0.272836	0.2768	5
159	0.241421	0.361199	0.23032600000000003	0.10968399999999999	0.05736990000000001	2
160	0.00607977	0.15169000000000002	0.28341900000000003	0.319657	0.239154	4
161	0.00810098	0.163444	0.29192199999999996	0.32110700000000003	0.215427	4
162	0.00552786	0.157495	0.299667	0.330261	0.20705	4
163	0.18838	0.0664154	0.17261700000000002	0.201544	0.371044	5
164	0.00258026	0.13095199999999999	0.284986	0.327986	0.25349499999999997	4
165	0.021578	0.185061	0.298616	0.312315	0.182429	4
166	0.013835900000000002	0.123932	0.266022	0.350613	0.24559699999999998	4
167	0.0167127	0.150082	0.249982	0.31208600000000003	0.271136	4
168	0.033286699999999995	0.15301900000000002	0.25717199999999996	0.28520999999999996	0.271312	4
169	0.0252203	0.15171099999999998	0.268305	0.325615	0.229149	4
170	0.0657225	0.128935	0.230602	0.30803200000000003	0.26670900000000003	4
171	0.141475	0.22099699999999997	0.175555	0.20880500000000002	0.253168	5
172	0.023251499999999998	0.165007	0.262428	0.318135	0.23117800000000002	4
173	0.016702099999999998	0.156023	0.256714	0.303496	0.26706599999999997	4
174	0.039993400000000005	0.289232	0.237841	0.197972	0.234961	2
175	0.00913522	0.138756	0.222077	0.288086	0.341946	5
176	0.0430088	0.19253299999999998	0.22286599999999998	0.266415	0.27517800000000003	5
177	0.288572	0.09044529999999999	0.138955	0.158083	0.323945	5
178	0.15929100000000002	0.150616	0.108223	0.147024	0.43484700000000004	5
179	0.0204121	0.152798	0.24347399999999997	0.28355199999999997	0.299764	5
180	0.0956742	0.349761	0.322577	0.142932	0.08905489999999999	2
181	0.0125975	0.17612	0.289943	0.319159	0.202181	4
182	0.0649695	0.18255	0.21397800000000003	0.261507	0.276996	5
183	0.177817	0.0955172	0.18194000000000002	0.202125	0.342602	5
184	0.0330187	0.171783	0.26615900000000003	0.30579	0.22324899999999998	4
185	0.00856713	0.0815015	0.245331	0.346455	0.31814499999999996	4
186	0.00728679	0.125125	0.263811	0.342086	0.261691	4
187	0.00827551	0.140664	0.258867	0.303825	0.28836799999999996	4
188	0.333246	0.08121560000000001	0.102807	0.132293	0.350439	5
189	0.0751159	0.10634500000000001	0.194701	0.23973200000000003	0.384106	5
190	0.0426293	0.179726	0.255783	0.296089	0.22577199999999997	4
191	0.0264654	0.207215	0.27872399999999997	0.299087	0.18850799999999998	4
192	0.0269346	0.217489	0.273405	0.290648	0.191524	4
193	0.435217	0.339283	0.147775	0.0451633	0.0325622	1
194	0.27382399999999996	0.635927	0.0835769	0.00433178	0.00234045	2
195	0.0990692	0.180835	0.393923	0.17113599999999998	0.155038	3
196	0.00330691	0.13502999999999998	0.276808	0.31717199999999995	0.26768200000000003	4
197	0.281967	0.21616300000000002	0.140558	0.156393	0.204918	1
198	0.013126400000000002	0.167443	0.288015	0.32759	0.203825	4
199	0.012984299999999999	0.155567	0.289706	0.337063	0.20468	4
200	0.102096	0.13053	0.221309	0.277024	0.269041	4
201	0.0644191	0.11463800000000002	0.230729	0.302846	0.28736799999999996	4
202	0.0294957	0.266523	0.376361	0.21461599999999997	0.113005	3
203	0.37158	0.260668	0.16085	0.121275	0.08562769999999999	1
204	0.385662	0.0988678	0.101315	0.13003800000000001	0.284117	1
205	0.0216887	0.0888153	0.201998	0.30645	0.38104899999999997	5
206	0.167724	0.157106	0.21076799999999998	0.21122399999999997	0.253178	5
207	0.00831592	0.24968800000000002	0.339032	0.24204	0.160924	3
208	0.00139452	0.08869819999999999	0.210893	0.294283	0.404731	5
209	0.021011500000000002	0.14712	0.199212	0.254713	0.377943	5
210	0.0314819	0.162349	0.21266999999999997	0.258363	0.335136	5
211	0.0162479	0.13508699999999998	0.21141100000000002	0.265115	0.372139	5
212	0.0110379	0.16054100000000002	0.27229000000000003	0.316306	0.239825	4
213	0.0654457	0.305818	0.314373	0.210429	0.103934	3
214	0.432572	0.233828	0.14990499999999998	0.0883675	0.095328	1
215	0.0258699	0.163499	0.273334	0.30083000000000004	0.23646599999999998	4
216	0.18346400000000002	0.10886400000000002	0.19035	0.252344	0.264979	5
217	0.313675	0.257456	0.18062899999999998	0.14541400000000002	0.102827	1
218	0.00453953	0.0741335	0.23350500000000002	0.36051300000000003	0.327309	4
219	0.00567597	0.157305	0.301811	0.334453	0.200755	4
220	0.00667662	0.147713	0.274756	0.319842	0.251012	4
221	0.00805314	0.158462	0.292159	0.333458	0.207868	4
222	0.015591999999999998	0.16705599999999998	0.292101	0.328011	0.197239	4
223	0.624027	0.140506	0.0725163	0.0612206	0.10173	1
224	0.217356	0.145953	0.0323686	0.08934349999999999	0.514979	5
225	0.311585	0.0730855	0.12819	0.17268	0.314459	5
226	0.030414	0.0935837	0.237891	0.34566199999999997	0.29245	4
227	0.00563743	0.159	0.299844	0.32616999999999996	0.209348	4
228	0.041036199999999995	0.141627	0.25396599999999997	0.306575	0.256795	4
229	0.00904625	0.16723	0.290299	0.32818	0.20524499999999998	4
230	0.009110700000000001	0.135966	0.245995	0.290851	0.318077	5
231	0.0115301	0.167019	0.280876	0.319535	0.22104000000000001	4
232	0.0650508	0.0951535	0.22918400000000003	0.299635	0.310977	5
233	0.020494099999999998	0.0981707	0.259945	0.350366	0.271024	4
234	0.0686849	0.079533	0.192685	0.264758	0.394339	5
235	0.0106566	0.062280600000000005	0.10416700000000001	0.172192	0.650704	5
236	0.0056638999999999995	0.118967	0.23347800000000002	0.285244	0.356647	5
237	0.159624	0.342072	0.27258000000000004	0.149549	0.0761755	2
238	0.00531253	0.136883	0.267935	0.31138299999999997	0.278486	4
239	0.20036900000000002	0.205961	0.197545	0.20178	0.19434500000000002	2
240	0.0797168	0.10284000000000001	0.204407	0.296656	0.31638	5
241	0.383463	0.22344499999999998	0.182729	0.107297	0.103065	1
242	0.16026300000000002	0.0902987	0.172458	0.201546	0.375434	5
243	0.022534099999999998	0.28715999999999997	0.39533	0.188976	0.106	3
244	0.00660456	0.150447	0.281438	0.331031	0.23048000000000002	4
245	0.00596666	0.099549	0.17638399999999999	0.23649699999999999	0.481604	5
246	0.158885	0.272021	0.212205	0.189673	0.167216	2
247	0.0987038	0.323626	0.273338	0.190777	0.11355599999999999	2
248	0.07170510000000001	0.272022	0.317409	0.22064499999999998	0.118219	3
249	0.0396546	0.200685	0.24175500000000003	0.276466	0.24144000000000002	4
250	0.032657	0.192064	0.28021599999999997	0.283233	0.211829	4
251	0.00620891	0.117934	0.279319	0.359101	0.237436	4
252	0.0143741	0.168415	0.30112300000000003	0.325333	0.190755	4
253	0.00438848	0.0980308	0.195888	0.253936	0.44775699999999996	5
254	0.11970499999999999	0.164382	0.14919300000000002	0.195904	0.370817	5
255	0.019235	0.150146	0.25735	0.316589	0.256679	4
256	0.00782353	0.162456	0.28173200000000004	0.319075	0.228913	4
257	0.05152230000000001	0.10338699999999999	0.240882	0.320287	0.283922	4
258	0.104581	0.0976703	0.151006	0.23615100000000003	0.410592	5
259	0.00536209	0.152615	0.29438800000000004	0.33093	0.216705	4
260	0.147972	0.302223	0.270876	0.172017	0.10691300000000001	2
261	0.055028499999999994	0.187629	0.446535	0.134331	0.176476	3
262	0.043233600000000004	0.127419	0.19123099999999998	0.274789	0.36332800000000004	5
263	0.00937547	0.151838	0.26450999999999997	0.314865	0.259411	4
264	0.586791	0.186606	0.092547	0.0650013	0.0690538	1
265	0.281951	0.27036	0.201801	0.138746	0.107142	1
266	0.3591	0.515475	0.110372	0.0111096	0.00394331	2
267	0.5393220000000001	0.308646	0.101347	0.032911199999999995	0.0177736	1
268	0.0107135	0.157596	0.27314499999999997	0.32253699999999996	0.23600900000000002	4
269	0.00449508	0.08094960000000001	0.162938	0.238961	0.5126569999999999	5
270	0.00981029	0.143328	0.24749200000000002	0.303105	0.29626399999999997	4
271	0.242275	0.579014	0.158382	0.0146519	0.00567651	2
272	0.580055	0.332993	0.06567669999999999	0.013701300000000001	0.007573999999999999	1
273	0.00721207	0.156865	0.28579499999999997	0.32308600000000004	0.227042	4
274	0.251874	0.4698	0.211973	0.0448562	0.0214962	2
275	0.23776999999999998	0.5763550000000001	0.167071	0.0136977	0.0051058	2
276	0.261887	0.343855	0.204827	0.11826300000000001	0.0711675	2
277	0.0195373	0.185997	0.298116	0.2903	0.20605	3
278	0.00409748	0.14788199999999999	0.295108	0.326383	0.22653	4
279	0.0168717	0.17866600000000002	0.269311	0.31158800000000003	0.223563	4
280	0.0717985	0.09194669999999999	0.219783	0.27515700000000004	0.341314	5
281	0.0524258	0.169498	0.191965	0.246336	0.339775	5
282	0.0155322	0.0859717	0.144459	0.212371	0.541666	5
283	0.00999554	0.123826	0.23406100000000002	0.30596799999999996	0.32614899999999997	5
284	0.280833	0.10853	0.122427	0.16206600000000002	0.32614499999999996	5
285	0.021664199999999998	0.146752	0.22951100000000002	0.28820500000000004	0.313868	5
286	0.40127399999999996	0.384231	0.156694	0.0408351	0.016966299999999997	1
287	0.193543	0.112935	0.146102	0.18609900000000001	0.36132	5
288	0.0854434	0.08718089999999999	0.211554	0.26042	0.355402	5
289	0.00611197	0.159052	0.293456	0.324192	0.217189	4
290	0.0660695	0.29287199999999997	0.245565	0.175979	0.219513	2
291	0.204855	0.5169520000000001	0.2226	0.039763	0.0158298	2
292	0.0606649	0.221912	0.251767	0.267785	0.197872	4
293	0.131497	0.516081	0.23962399999999998	0.07259760000000001	0.0402005	2
294	0.231904	0.45888900000000005	0.236762	0.050487300000000006	0.021958099999999998	2
295	0.44142	0.101785	0.0928387	0.103806	0.260151	1
296	0.16916099999999998	0.20802199999999998	0.174163	0.198507	0.25014699999999995	5
297	0.0371827	0.187432	0.25595300000000004	0.267851	0.251581	4
298	0.0455681	0.223435	0.265771	0.260946	0.204279	3
299	0.540142	0.253427	0.12548800000000002	0.0479716	0.0329711	1
300	0.018463	0.16966099999999998	0.275513	0.315945	0.22041799999999998	4
301	0.077861	0.24996100000000002	0.31914499999999996	0.23145100000000002	0.121582	3
302	0.11259200000000001	0.19796	0.186116	0.21903499999999998	0.284298	5
303	0.0213363	0.153276	0.276379	0.329991	0.219018	4
304	0.8833479999999999	0.00849456	0.035479000000000004	0.00381276	0.0688658	1
305	0.030152099999999994	0.201996	0.288935	0.300005	0.178912	4
306	0.00592421	0.153631	0.290732	0.33456199999999997	0.215151	4
307	0.0263164	0.15143199999999998	0.26052800000000004	0.30990500000000004	0.251819	4
308	0.252983	0.45683199999999996	0.22866199999999998	0.0427026	0.018821099999999997	2
309	0.0362602	0.122216	0.10276400000000001	0.13863699999999998	0.600123	5
310	0.0326735	0.16313	0.290027	0.315192	0.198977	4
311	0.0191801	0.190957	0.261129	0.297123	0.23160999999999998	4
312	0.025412900000000002	0.19225699999999998	0.263119	0.295104	0.22410700000000003	4
313	0.019966	0.162353	0.305184	0.30833699999999997	0.20415999999999998	4
314	0.034744300000000006	0.390719	0.32029	0.157169	0.097078	2
315	0.107124	0.137747	0.18464	0.250186	0.320304	5
316	0.577769	0.277416	0.104157	0.026632	0.014025899999999999	1
317	0.00766543	0.12144300000000001	0.263941	0.33673600000000004	0.270214	4
318	0.347794	0.430447	0.17553	0.0305205	0.015709200000000003	2
319	0.00493529	0.152423	0.294281	0.32700500000000005	0.221356	4
320	0.0017567	0.0611956	0.11728399999999999	0.178013	0.64175	5
321	0.028089999999999997	0.284595	0.343277	0.21439	0.129647	3
322	0.00816694	0.15581199999999998	0.279339	0.316769	0.23991300000000002	4
323	0.415812	0.264809	0.147783	0.101815	0.069781	1
324	0.006986	0.162072	0.282139	0.314348	0.23445500000000002	4
325	0.00728069	0.127075	0.24422600000000003	0.287037	0.334381	5
326	0.00732081	0.14388	0.263263	0.308663	0.276873	4
327	0.00297867	0.139985	0.29279	0.329705	0.23454099999999997	4
328	0.0071988	0.163735	0.295658	0.324121	0.209286	4
329	0.103473	0.156053	0.14966500000000002	0.20338699999999998	0.387423	5
330	0.11676199999999999	0.214698	0.276462	0.202569	0.18950899999999998	3
331	0.375301	0.475155	0.125273	0.0174569	0.00681366	2
332	0.601578	0.191176	0.09683330000000001	0.0541462	0.05626669999999999	1
333	0.10922899999999999	0.256023	0.254471	0.23860399999999998	0.141673	2
334	0.36319	0.12061300000000001	0.134256	0.132648	0.249293	1
335	0.173207	0.23767600000000003	0.20038	0.191838	0.196899	2
336	0.23050700000000002	0.172344	0.142252	0.173078	0.281819	5
337	0.0130917	0.14948699999999998	0.267549	0.321114	0.24875799999999998	4
338	0.010802500000000001	0.170101	0.29624	0.327165	0.195692	4
339	0.0124584	0.167483	0.29438600000000004	0.330996	0.194676	4
340	0.030861000000000003	0.223216	0.277708	0.28915599999999997	0.179059	4
341	0.0471182	0.138958	0.27820700000000004	0.283405	0.252312	4
342	0.025594400000000003	0.106873	0.250512	0.325179	0.29184099999999996	4
343	0.49692200000000003	0.255247	0.140112	0.0638258	0.0438927	1
344	0.131905	0.29947199999999996	0.264828	0.196935	0.10686	2
345	0.146835	0.579391	0.235773	0.0261724	0.0118286	2
346	0.28227399999999997	0.09832610000000001	0.155721	0.199845	0.263833	1
347	0.222375	0.094922	0.16078900000000002	0.164193	0.357722	5
348	0.0102536	0.13236900000000001	0.269135	0.335019	0.253224	4
349	0.0333995	0.250105	0.290591	0.23325100000000001	0.192653	3
350	0.00512924	0.149904	0.290457	0.325748	0.228762	4
351	0.800891	0.013153899999999998	0.0525809	0.00563779	0.127737	1
352	0.0118916	0.15448800000000001	0.301551	0.333543	0.198526	4
353	0.0284623	0.152502	0.26305500000000004	0.322305	0.233675	4
354	0.0113473	0.184846	0.272896	0.30382800000000004	0.22708299999999998	4
355	0.125564	0.266594	0.232328	0.223313	0.152201	2
356	0.023457299999999997	0.16259400000000002	0.28080900000000003	0.32750799999999997	0.205631	4
357	0.011537899999999999	0.162993	0.293614	0.332022	0.19983299999999998	4
358	0.0048135	0.144262	0.277039	0.317129	0.256757	4
359	0.24056599999999997	0.052628499999999995	0.119682	0.181115	0.406008	5
360	0.32624899999999996	0.0111797	0.13135	0.016556900000000003	0.514664	5
361	0.276694	0.48251099999999997	0.165757	0.0508616	0.0241757	2
362	0.419559	0.0478932	0.07758810000000001	0.10883499999999999	0.346124	1
363	0.32695799999999997	0.494413	0.15495	0.0167747	0.00690454	2
364	0.0101398	0.16004200000000002	0.27764	0.320238	0.23194099999999998	4
365	0.161078	0.151632	0.163975	0.203561	0.319753	5
366	0.0107957	0.16667200000000001	0.296672	0.33063000000000003	0.195231	4
367	0.013241800000000001	0.166082	0.290892	0.316071	0.21371300000000001	4
368	0.031067700000000004	0.175981	0.25742600000000004	0.305578	0.22994699999999998	4
369	0.0133983	0.154098	0.272942	0.32862199999999997	0.23094	4
370	0.016486700000000003	0.15645599999999998	0.26627199999999995	0.32649	0.23429499999999998	4
371	0.052857600000000005	0.227987	0.248079	0.273883	0.197193	4
372	0.0529053	0.11473900000000001	0.227056	0.288862	0.31643699999999997	5
373	0.00431897	0.0953529	0.18728699999999998	0.252944	0.46009700000000003	5
374	0.10918800000000001	0.26476	0.201653	0.181112	0.243286	2
375	0.331293	0.363184	0.190651	0.0776516	0.0372209	2
376	0.24486	0.5759850000000001	0.162259	0.012173999999999999	0.00472153	2
377	0.28478600000000004	0.6126149999999999	0.0892893	0.00848539	0.00482365	2
378	0.0150903	0.10904100000000001	0.164805	0.232025	0.479038	5
379	0.474681	0.203271	0.116406	0.0988005	0.106841	1
380	0.43510299999999996	0.0807997	0.07038849999999999	0.0892579	0.32445100000000004	1
381	0.34676	0.416253	0.17156300000000002	0.0461177	0.0193065	2
382	0.219509	0.09456110000000001	0.142451	0.191089	0.352389	5
383	0.042542500000000004	0.189835	0.30095	0.281401	0.185273	3
384	0.00897631	0.150471	0.298344	0.318316	0.22389299999999998	4
385	0.0326272	0.212785	0.300218	0.274673	0.179697	3
386	0.0832212	0.378176	0.312596	0.154618	0.07138889999999999	2
387	0.287607	0.551864	0.142558	0.0130238	0.00494744	2
388	0.00810164	0.13001300000000002	0.235333	0.28796700000000003	0.338586	5
389	0.00312689	0.12377300000000001	0.249452	0.310243	0.31340500000000004	5
390	0.0128673	0.12019500000000001	0.252556	0.311242	0.30314	4
391	0.35391300000000003	0.10569	0.113818	0.126274	0.30030300000000004	1
392	0.0236323	0.164073	0.269291	0.313889	0.22911399999999998	4
393	0.035531400000000005	0.0688665	0.180826	0.300293	0.414483	5
394	0.0184292	0.173514	0.306193	0.300298	0.201566	3
395	0.0195178	0.141736	0.272508	0.337469	0.228769	4
396	0.0818237	0.028109	0.120753	0.154973	0.614341	5
397	0.028578199999999998	0.118978	0.260748	0.330317	0.261379	4
398	0.022557900000000002	0.249867	0.372329	0.226298	0.128948	3
399	0.43621099999999996	0.387158	0.120859	0.0352889	0.0204827	1
400	0.343169	0.482013	0.129276	0.0298392	0.0157028	2
401	0.326133	0.36096	0.18981199999999998	0.0803293	0.042766900000000004	2
402	0.0378828	0.139458	0.16683499999999998	0.22903099999999998	0.42679399999999995	5
403	0.014934200000000002	0.14283900000000002	0.223978	0.280003	0.338246	5
404	0.229498	0.359252	0.262812	0.0942035	0.0542341	2
405	0.0683677	0.13322799999999999	0.187836	0.26418200000000003	0.346387	5
406	0.12263399999999999	0.29838400000000004	0.20817800000000003	0.169457	0.201346	2
407	0.280945	0.568916	0.138743	0.00817898	0.00321743	2
408	0.19081700000000001	0.594539	0.18923800000000002	0.018359200000000003	0.00704611	2
409	0.0879613	0.280945	0.329766	0.19684400000000002	0.104484	3
410	0.297477	0.42677200000000004	0.20189000000000001	0.0506085	0.0232525	2
411	0.34878899999999996	0.23287199999999997	0.18570599999999998	0.12643900000000002	0.10619400000000001	1
412	0.0140917	0.12626099999999998	0.251077	0.343717	0.264854	4
413	0.0326618	0.06404	0.0854419	0.125805	0.692051	5
414	0.018580000000000003	0.173449	0.272217	0.314565	0.22119	4
415	0.0137131	0.160929	0.287348	0.281937	0.256073	3
416	0.221288	0.5734100000000001	0.180174	0.0177833	0.00734476	2
417	0.272985	0.056249	0.12156600000000001	0.175575	0.373625	5
418	0.015016100000000001	0.182811	0.264653	0.294335	0.243186	4
419	0.025715300000000003	0.23196999999999998	0.265999	0.272649	0.203666	4
420	0.0118088	0.107799	0.180266	0.247917	0.45221000000000006	5
421	0.0416518	0.309168	0.337776	0.19247999999999998	0.118924	3
422	0.507333	0.19001500000000002	0.101643	0.0913801	0.10962899999999999	1
423	0.20398	0.0710023	0.137704	0.20208900000000002	0.38522399999999996	5
424	0.0209612	0.167935	0.293602	0.3053	0.212202	4
425	0.00770202	0.16331800000000002	0.294273	0.329438	0.20526999999999998	4
426	0.00662781	0.128579	0.25204299999999996	0.294712	0.318038	5
427	0.0219519	0.150449	0.20143	0.25088699999999997	0.375282	5
428	0.00529549	0.116279	0.23529	0.280802	0.362334	5
429	0.022075400000000002	0.06351810000000001	0.11135199999999999	0.189146	0.613909	5
430	0.0182606	0.227479	0.278239	0.283254	0.192767	4
431	0.095027	0.260444	0.20603400000000002	0.223331	0.215164	2
432	0.0191778	0.18792999999999999	0.305884	0.297371	0.189637	3
433	0.00413301	0.112372	0.23548400000000003	0.285229	0.362782	5
434	0.30283899999999997	0.6112380000000001	0.079019	0.00468032	0.00222438	2
435	0.565006	0.285943	0.093322	0.032020599999999996	0.023707699999999998	1
436	0.239771	0.134158	0.224293	0.151827	0.24995100000000003	5
437	0.424184	0.259108	0.134465	0.08742899999999999	0.09481339999999999	1
438	0.00676065	0.157632	0.28791500000000003	0.32683	0.220862	4
439	0.022034900000000003	0.26771300000000003	0.318416	0.22286	0.168976	3
440	0.0501617	0.173827	0.24814699999999998	0.284379	0.243486	4
441	0.38519200000000003	0.546473	0.06260399999999999	0.00394703	0.00178405	2
442	0.41433100000000006	0.47648999999999997	0.08885069999999999	0.0143388	0.00598962	2
443	0.00742031	0.12048800000000001	0.217732	0.286184	0.368175	5
444	0.288988	0.325144	0.206033	0.116908	0.0629268	2
445	0.27370300000000003	0.29780300000000004	0.19611199999999998	0.12554400000000002	0.10683800000000002	2
446	0.0449188	0.177331	0.183363	0.205118	0.38926900000000003	5
447	0.352725	0.11831199999999999	0.10918	0.121708	0.298074	1
448	0.0654047	0.27879899999999996	0.30572	0.22359099999999998	0.126486	3
449	0.00778272	0.163454	0.291391	0.32502	0.21235300000000001	4
450	0.09006610000000001	0.11512599999999999	0.201784	0.271541	0.321483	5
451	0.00540115	0.157212	0.31103600000000003	0.340498	0.185853	4
452	0.00519009	0.12256700000000001	0.24095999999999998	0.294983	0.3363	5
453	0.327521	0.234873	0.163748	0.139455	0.134402	1
454	0.16480699999999998	0.5522090000000001	0.236948	0.028979500000000002	0.0170557	2
455	0.0983404	0.0900823	0.168523	0.263511	0.37954299999999996	5
456	0.216133	0.270406	0.26993	0.07857	0.164961	2
457	0.00844432	0.16373800000000002	0.289536	0.325679	0.21260300000000001	4
458	0.0178542	0.143087	0.249494	0.321913	0.267652	4
459	0.06846849999999999	0.269825	0.264017	0.21557300000000001	0.182116	2
460	0.0304069	0.155814	0.265984	0.324628	0.223167	4
461	0.0538001	0.099643	0.22080500000000003	0.32397	0.301782	4
462	0.00703244	0.135249	0.256222	0.304228	0.297268	4
463	0.0217238	0.20717399999999997	0.330908	0.284694	0.1555	3
464	0.0486121	0.09808760000000001	0.213088	0.29293	0.34728200000000004	5
465	0.26874899999999996	0.32804	0.24066500000000002	0.10319	0.05935599999999999	2
466	0.19230899999999998	0.376836	0.254702	0.117174	0.05898	2
467	0.148605	0.517157	0.23641700000000002	0.0641872	0.0336332	2
468	0.0155844	0.152203	0.254339	0.295852	0.282021	4
469	0.00522429	0.157769	0.311275	0.33913899999999997	0.186592	4
470	0.010527	0.152862	0.293515	0.334801	0.20829499999999998	4
471	0.026309100000000002	0.128124	0.149696	0.208554	0.487317	5
472	0.024093	0.187597	0.286986	0.308747	0.192577	4
473	0.00770958	0.16023900000000002	0.28889499999999996	0.321257	0.2219	4
474	0.0409357	0.15823299999999998	0.200979	0.251277	0.348575	5
475	0.287864	0.408498	0.206994	0.06482450000000001	0.0318197	2
476	0.022893599999999997	0.157943	0.23119	0.284723	0.30325100000000005	5
477	0.00639756	0.138131	0.259331	0.308725	0.28741500000000003	4
478	0.017389099999999998	0.17385699999999998	0.261939	0.291144	0.255671	4
479	0.247088	0.404181	0.22954899999999998	0.0782888	0.040893599999999995	2
480	0.23683099999999999	0.0921814	0.110179	0.136914	0.42389499999999997	5
481	0.0346286	0.100405	0.21148499999999998	0.310576	0.342905	5
482	0.013417199999999999	0.164795	0.243434	0.289875	0.288479	4
483	0.373634	0.111268	0.124569	0.13002	0.260509	1
484	0.013410499999999999	0.181556	0.278479	0.319135	0.207419	4
485	0.00922718	0.131233	0.263176	0.333677	0.262687	4
486	0.00291912	0.10512300000000001	0.237477	0.317473	0.337008	5
487	0.015520500000000001	0.18848900000000002	0.259229	0.294665	0.242096	4
488	0.00256687	0.104581	0.240484	0.319734	0.332633	5
489	0.0171831	0.162896	0.25569200000000003	0.3168	0.24743	4
490	0.014790600000000001	0.16531600000000002	0.291875	0.318366	0.20965300000000003	4
491	0.108975	0.187717	0.20815	0.24601399999999998	0.249144	5
492	0.0100019	0.165148	0.28931599999999996	0.32361	0.21192399999999997	4
493	0.00891946	0.157474	0.26255500000000004	0.313781	0.25727	4
494	0.0321979	0.202254	0.290553	0.303184	0.171811	4
495	0.00823283	0.152607	0.281977	0.33208699999999997	0.225095	4
496	0.00462306	0.14610399999999998	0.285966	0.322671	0.240635	4
497	0.00469535	0.118422	0.236217	0.315083	0.325583	5
498	0.00453409	0.12058599999999998	0.250205	0.296033	0.328642	5
499	0.267052	0.08662439999999999	0.146748	0.199007	0.300568	5
500	0.0807182	0.295506	0.313108	0.20911999999999997	0.101547	3
501	0.133735	0.08051	0.106842	0.133995	0.544918	5
502	0.017493900000000003	0.132349	0.189119	0.251093	0.409945	5
503	0.006197600000000001	0.13983099999999998	0.274049	0.3122	0.26772199999999996	4
504	0.0519525	0.144274	0.151969	0.193938	0.457866	5
505	0.0768567	0.315081	0.302023	0.201663	0.104376	2
506	0.0764927	0.35020999999999997	0.308954	0.17848599999999998	0.0858563	2
507	0.00709107	0.150569	0.275706	0.313413	0.25322100000000003	4
508	0.0113352	0.142769	0.24531999999999998	0.296128	0.30444699999999997	5
509	0.0455841	0.247619	0.25812399999999996	0.25297	0.195702	3
510	0.0090571	0.12998800000000002	0.231019	0.279424	0.350512	5
511	0.274665	0.15699100000000002	0.109998	0.139546	0.3188	5
512	0.305653	0.305824	0.187328	0.07690239999999998	0.12429200000000001	2
513	0.319102	0.478542	0.156201	0.0324675	0.0136885	2
514	0.0102361	0.122494	0.211186	0.271885	0.38419899999999996	5
515	0.240995	0.154665	0.197512	0.157341	0.24948800000000002	5
516	0.040515300000000004	0.109971	0.24095999999999998	0.329826	0.27872800000000003	4
517	0.025263900000000002	0.13256400000000002	0.259949	0.32154299999999997	0.26068	4
518	0.0118131	0.14598599999999998	0.255287	0.29566	0.291254	4
519	0.0109415	0.165448	0.27681	0.318236	0.22856500000000002	4
520	0.115505	0.2327	0.24556799999999998	0.207123	0.199104	3
521	0.631379	0.0409236	0.0413814	0.033988	0.252328	1
522	0.179856	0.370813	0.287252	0.10658499999999999	0.055494299999999996	2
523	0.333124	0.100379	0.115961	0.142599	0.307937	1
524	0.0135989	0.107227	0.235961	0.334935	0.30827899999999997	4
525	0.0112405	0.167631	0.297838	0.328627	0.194665	4
526	0.0736594	0.174597	0.1984	0.23365	0.319693	5
527	0.43456000000000006	0.0912206	0.0975883	0.107457	0.269175	1
528	0.032446499999999996	0.157572	0.255944	0.293665	0.260374	4
529	0.265756	0.5860810000000001	0.132627	0.0115723	0.00396329	2
530	0.026993	0.154695	0.21745599999999998	0.26812800000000003	0.332728	5
531	0.165729	0.28929699999999997	0.272355	0.166893	0.105726	2
532	0.0396541	0.132356	0.258844	0.333777	0.235368	4
533	0.256659	0.08443830000000001	0.150946	0.19458599999999998	0.31337	5
534	0.0251621	0.2468	0.258265	0.26527399999999995	0.20449900000000001	4
535	0.014198599999999999	0.204704	0.295529	0.303754	0.181815	4
536	0.0235081	0.08937719999999999	0.242633	0.352648	0.291833	4
537	0.0157023	0.10579200000000001	0.12344100000000001	0.169707	0.585358	5
538	0.00811166	0.167821	0.32973	0.31488	0.179457	3
539	0.00234983	0.13030899999999998	0.332468	0.333615	0.201259	4
540	0.00715263	0.145728	0.25459699999999996	0.32451399999999997	0.268009	4
541	0.00667174	0.16606400000000002	0.29857100000000003	0.328369	0.200325	4
542	0.022313	0.164051	0.238209	0.295783	0.279643	4
543	0.0106024	0.141772	0.289321	0.348498	0.20980700000000002	4
544	0.056562699999999994	0.269094	0.283289	0.24727800000000003	0.143777	3
545	0.012317	0.0866904	0.138492	0.174566	0.587935	5
546	0.0460659	0.248962	0.29681399999999997	0.24690700000000002	0.161252	3
547	0.23243899999999998	0.339486	0.219148	0.12281900000000001	0.0861081	2
548	0.130297	0.09771200000000001	0.168966	0.219373	0.383653	5
549	0.013009200000000002	0.112286	0.259303	0.34644400000000003	0.268958	4
550	0.0127589	0.11119100000000001	0.225923	0.32197600000000004	0.328151	5
551	0.0396529	0.160443	0.18498599999999998	0.23798200000000003	0.376936	5
552	0.0177786	0.175531	0.271739	0.312808	0.22214299999999998	4
553	0.0696082	0.134403	0.23805500000000002	0.302575	0.255358	4
554	0.012629999999999999	0.16714600000000002	0.263977	0.310104	0.24614299999999997	4
555	0.221849	0.05921569999999999	0.09510310000000001	0.150254	0.473578	5
556	0.149616	0.305392	0.25650700000000004	0.183307	0.105178	2
557	0.010888799999999999	0.128048	0.21056799999999998	0.267855	0.38264000000000004	5
558	0.0830921	0.29386799999999996	0.296506	0.214098	0.112436	3
559	0.304073	0.182818	0.20460799999999998	0.14209000000000002	0.16641199999999998	1
560	0.00833073	0.148557	0.254585	0.302824	0.28570300000000004	4
561	0.09743210000000001	0.360874	0.282852	0.161024	0.0978176	2
562	0.00134989	0.111604	0.311229	0.373799	0.202018	4
563	0.0445331	0.14744200000000002	0.18379600000000001	0.248716	0.375513	5
564	0.00583244	0.150871	0.284564	0.32068	0.23805300000000001	4
565	0.25654	0.09943450000000001	0.0903192	0.12291300000000001	0.430792	5
566	0.267231	0.00439805	0.08477319999999999	0.006596800000000001	0.637001	5
567	0.0263199	0.250292	0.340762	0.20785700000000001	0.174769	3
568	0.191652	0.398304	0.255856	0.0993445	0.0548437	2
569	0.0190146	0.153192	0.277383	0.336918	0.21349200000000002	4
570	0.00668376	0.12524200000000002	0.246881	0.290173	0.33102	5
571	0.00759186	0.151767	0.276099	0.315579	0.24896300000000002	4
572	0.022679400000000002	0.169494	0.263239	0.300956	0.243633	4
573	0.00372743	0.126522	0.262533	0.308108	0.29911	4
574	0.019278999999999998	0.181173	0.272113	0.311882	0.21555300000000002	4
575	0.0060754	0.154816	0.28834099999999996	0.322973	0.22779499999999997	4
576	0.00944324	0.133022	0.23850900000000003	0.287036	0.33199	5
577	0.00686516	0.14166800000000002	0.26503899999999997	0.307336	0.279092	4
578	0.0112684	0.13786400000000001	0.231523	0.284966	0.334378	5
579	0.12752	0.205648	0.194946	0.227557	0.244329	5
580	0.0101794	0.164077	0.28745	0.31755	0.220743	4
581	0.467738	0.22564299999999998	0.126198	0.0922035	0.0882174	1
582	0.111144	0.23810599999999998	0.201797	0.220344	0.228609	2
583	0.0269315	0.177734	0.239352	0.286428	0.26955500000000004	4
584	0.10893699999999999	0.27710100000000004	0.2745	0.216054	0.12340899999999999	2
585	0.269637	0.211387	0.146852	0.151593	0.220531	1
586	0.20523400000000003	0.427595	0.27613899999999997	0.0505948	0.0404373	2
587	0.0437582	0.20852300000000001	0.314747	0.277667	0.155305	3
588	0.031029	0.142209	0.23212399999999997	0.289875	0.304763	5
589	0.00584483	0.15773199999999998	0.29883899999999997	0.33063899999999996	0.20694400000000002	4
590	0.46763999999999994	0.217376	0.17286300000000002	0.06900360000000001	0.0731178	1
591	0.00694805	0.160378	0.280018	0.321642	0.231014	4
592	0.00325935	0.0970794	0.208234	0.29175700000000004	0.39966999999999997	5
593	0.00803396	0.160828	0.292025	0.330276	0.208837	4
594	0.362271	0.30749	0.17042100000000002	0.0824066	0.07741189999999999	1
595	0.0314484	0.178706	0.246259	0.291509	0.252078	4
596	0.00741808	0.154644	0.2853	0.33231700000000003	0.22032100000000002	4
597	0.013769700000000001	0.18216	0.284595	0.31696599999999997	0.202509	4
598	0.2379	0.17521099999999998	0.14371	0.162079	0.281099	5
599	0.000972923	0.09964980000000001	0.257886	0.317271	0.32422	5
600	0.157635	0.278393	0.261979	0.172652	0.129342	2
601	0.00975969	0.16373900000000002	0.286978	0.319827	0.219696	4
602	0.682088	0.216928	0.06756060000000001	0.019984799999999997	0.0134387	1
603	0.013121100000000002	0.177865	0.29398	0.319102	0.195932	4
604	0.08620900000000001	0.35005	0.315634	0.16285	0.0852573	2
605	0.00635191	0.15021600000000002	0.26977399999999996	0.314644	0.25901399999999997	4
606	0.338538	0.478133	0.15049300000000002	0.023488400000000003	0.00934745	2
607	0.00565873	0.155556	0.295218	0.331023	0.212544	4
608	0.045500599999999995	0.42418900000000004	0.328176	0.127549	0.07458530000000001	2
