0.0668069,0.331866,0.321276,0.18564,0.0944118
0.0126398,0.128925,0.212278,0.269741,0.376416
0.00499716,0.152403,0.295229,0.333617,0.213755
0.00836849,0.136882,0.251421,0.301027,0.302302
0.737733,0.119921,0.0495206,0.0314013,0.0614245
0.188277,0.375195,0.240876,0.129807,0.0658452
0.0104045,0.156419,0.295684,0.335527,0.201966
0.140207,0.133136,0.195929,0.245692,0.285036
0.276324,0.123008,0.168768,0.151776,0.280124
0.0220251,0.14431,0.209544,0.27561,0.348511
0.0580925,0.186834,0.250559,0.270824,0.233691
0.0780754,0.243683,0.252987,0.225829,0.199427
0.0270269,0.125848,0.261867,0.338662,0.246597
0.0575014,0.17529,0.195844,0.249376,0.321987
0.059161,0.0799486,0.0944427,0.122376,0.644072
0.214044,0.307813,0.262223,0.134588,0.0813314
0.00792406,0.160655,0.290577,0.326923,0.213921
0.219516,0.104661,0.146606,0.185101,0.344117
0.0105223,0.139884,0.23536,0.285881,0.328352
0.423843,0.105461,0.104546,0.107886,0.258264
0.00586623,0.0656893,0.10752,0.170269,0.650655
0.0540788,0.16065,0.250416,0.299207,0.235648
0.0123903,0.165395,0.293591,0.332903,0.195721
0.0200046,0.207165,0.255786,0.279358,0.237687
0.0125261,0.168048,0.287914,0.328096,0.203416
0.0199675,0.141013,0.264529,0.332084,0.242406
0.122935,0.246483,0.263658,0.232385,0.134539
0.0426657,0.207588,0.292075,0.288061,0.16961
0.00626392,0.136319,0.262557,0.306289,0.288572
0.00525913,0.150036,0.289669,0.322395,0.23264
0.00242687,0.0705824,0.177981,0.262927,0.486082
0.00701978,0.139089,0.256976,0.305131,0.291784
0.0101051,0.137947,0.27212,0.337007,0.242821
0.0480249,0.299255,0.345702,0.200827,0.106191
0.0206068,0.176573,0.255161,0.299611,0.248048
0.0166178,0.156372,0.247405,0.309549,0.270055
0.0111117,0.150977,0.272971,0.327347,0.237593
0.0129703,0.154578,0.257406,0.305994,0.269052
0.0667325,0.26049,0.335952,0.2211,0.115725
0.0123051,0.140868,0.226496,0.27468,0.345652
0.26416,0.330237,0.208293,0.12462,0.0726898
0.117384,0.176454,0.18292,0.218782,0.304461
0.220973,0.143406,0.138801,0.171608,0.325213
0.0175054,0.102441,0.263252,0.357892,0.258909
0.284189,0.207258,0.148784,0.128799,0.230971
0.0117049,0.12082,0.244807,0.329009,0.293658
0.0141079,0.117683,0.23337,0.321474,0.313365
0.0619732,0.154824,0.172402,0.219973,0.390828
0.00696557,0.161746,0.293839,0.32826,0.209189
0.00862924,0.149992,0.267913,0.318295,0.255171
0.489367,0.266024,0.134886,0.065422,0.0443014
0.0052582,0.118883,0.256421,0.337537,0.281901
0.29523,0.150154,0.109649,0.155886,0.289081
0.0286956,0.192596,0.30442,0.295091,0.179198
0.00804809,0.159656,0.289951,0.324653,0.217692
0.00619501,0.152304,0.283098,0.319332,0.239071
0.00642129,0.142099,0.26662,0.31524,0.269619
0.0596272,0.230289,0.345908,0.238156,0.12602
0.00542332,0.149397,0.287121,0.322753,0.235306
0.0580464,0.119545,0.2203,0.286283,0.315826
0.0747894,0.161281,0.175837,0.231133,0.35696
0.0252581,0.334928,0.377986,0.153042,0.108786
0.468801,0.213939,0.157151,0.0823834,0.0777257
0.38919,0.262528,0.18286,0.0964914,0.0689306
0.0208213,0.159114,0.272271,0.31385,0.233944
0.014422,0.145897,0.253418,0.290144,0.296119
0.00644655,0.131111,0.255274,0.297408,0.309761
0.00556139,0.137606,0.266147,0.308382,0.282304
0.0736548,0.293774,0.317004,0.211011,0.104557
0.682766,0.21987,0.0681955,0.0177697,0.0113989
0.010325,0.128518,0.214333,0.267838,0.378987
0.0172341,0.15398,0.257775,0.292229,0.278782
0.0257947,0.162314,0.23987,0.280948,0.291074
0.0142133,0.102672,0.153872,0.219685,0.509557
0.0158542,0.13514,0.210843,0.268796,0.369367
0.0098498,0.127543,0.2256,0.276811,0.360197
0.563104,0.222418,0.0906202,0.0668263,0.0570313
0.119494,0.298915,0.283738,0.193751,0.104102
0.00736812,0.13143,0.256139,0.295069,0.309994
0.11435,0.146122,0.0164446,0.0661244,0.656958
0.0837238,0.133228,0.126721,0.174854,0.481473
0.00526945,0.114247,0.23243,0.278666,0.369387
0.00641597,0.118061,0.229685,0.275836,0.370001
0.00445206,0.108567,0.230377,0.278489,0.378115
0.0124065,0.110822,0.155398,0.213532,0.507841
0.210038,0.296524,0.238545,0.159565,0.0953285
0.0534585,0.126649,0.22781,0.272306,0.319776
0.527908,0.29753,0.120701,0.0359444,0.0179171
0.00543878,0.105673,0.189939,0.244883,0.454067
0.00286425,0.0861834,0.181653,0.246504,0.482795
0.00688711,0.102067,0.180784,0.241808,0.468454
0.00204268,0.0828815,0.194719,0.252133,0.468223
0.00225361,0.0790752,0.171302,0.234822,0.512547
0.0137497,0.169969,0.291743,0.294873,0.229665
0.0704163,0.102699,0.214447,0.285805,0.326633
0.0186417,0.139946,0.263926,0.316538,0.260949
0.154584,0.31697,0.257282,0.166516,0.104647
0.02891,0.167337,0.239453,0.285954,0.278345
0.0188447,0.178734,0.279046,0.316218,0.207158
0.124069,0.149397,0.155033,0.210833,0.360667
0.0107229,0.162634,0.283036,0.32526,0.218347
0.00799576,0.152388,0.299168,0.34066,0.199788
0.136836,0.0646483,0.163157,0.191745,0.443614
0.558617,0.250774,0.0885668,0.0538776,0.0481643
0.0544996,0.341463,0.326138,0.182579,0.0953204
0.0491579,0.154543,0.227701,0.275074,0.293524
0.158725,0.124411,0.160734,0.213453,0.342677
0.0294182,0.362721,0.31518,0.178793,0.113888
0.00508347,0.151262,0.291683,0.32788,0.224091
0.374233,0.117761,0.11701,0.132555,0.258441
0.0231055,0.123206,0.237989,0.325769,0.28993
0.00685613,0.153317,0.281331,0.321361,0.237135
0.0270748,0.187828,0.243552,0.286478,0.255067
0.0306346,0.223231,0.25435,0.268479,0.223305
0.0279412,0.177425,0.266488,0.298128,0.230017
0.363971,0.0844872,0.102721,0.132194,0.316628
0.0301728,0.205116,0.265748,0.289084,0.209879
0.182138,0.19317,0.20088,0.211201,0.212611
0.0109388,0.171055,0.287417,0.320184,0.210406
0.011452,0.170809,0.276405,0.313878,0.227456
0.00397466,0.130634,0.269872,0.315938,0.279582
0.186422,0.0811218,0.0886247,0.129786,0.514045
0.000936642,0.116884,0.307629,0.359639,0.21491
0.0109013,0.171378,0.287091,0.321845,0.208785
0.525855,0.0683216,0.0850877,0.0685416,0.252194
0.0152429,0.130203,0.277726,0.348392,0.228436
0.00326068,0.106156,0.227796,0.281274,0.381514
0.0121863,0.162546,0.27641,0.311629,0.237228
0.00859223,0.133499,0.249636,0.292502,0.31577
0.301996,0.121156,0.13573,0.165224,0.275893
0.0503772,0.109714,0.202353,0.264897,0.372659
0.0984935,0.0933008,0.223585,0.259781,0.32484
0.00881588,0.151592,0.297163,0.341205,0.201224
0.00483666,0.0824347,0.157202,0.22382,0.531707
0.0937339,0.110095,0.217212,0.285606,0.293353
0.242399,0.102043,0.15518,0.197069,0.303309
0.0444968,0.17347,0.258506,0.299689,0.223837
0.00556876,0.154581,0.286631,0.331357,0.221861
0.00872092,0.144189,0.308742,0.32149,0.216859
0.185092,0.209558,0.0533322,0.122694,0.429324
0.231325,0.20359,0.0890816,0.14657,0.329434
0.491427,0.283876,0.131072,0.0573838,0.0362416
0.0467344,0.225783,0.311754,0.268316,0.147413
0.0718317,0.288362,0.303175,0.210838,0.125793
0.0910057,0.116493,0.166214,0.243107,0.38318
0.166259,0.227933,0.295586,0.161827,0.148395
0.0202734,0.180538,0.271793,0.312909,0.214486
0.246677,0.179226,0.0551507,0.109061,0.409885
0.151558,0.278791,0.232026,0.195925,0.141701
0.41711,0.07556,0.100168,0.120463,0.286699
0.247759,0.0998015,0.160777,0.203388,0.288275
0.00583153,0.159411,0.310401,0.338124,0.186233
0.080503,0.286415,0.289986,0.218691,0.124406
0.370848,0.112458,0.116458,0.12964,0.270596
0.00820841,0.163848,0.298456,0.329539,0.199948
0.0257872,0.141238,0.268286,0.336517,0.228172
0.0494518,0.180759,0.186191,0.233693,0.349905
0.0210975,0.127134,0.180514,0.242125,0.429129
0.0239343,0.195853,0.230576,0.272836,0.2768
0.241421,0.361199,0.230326,0.109684,0.0573699
0.00607977,0.15169,0.283419,0.319657,0.239154
0.00810098,0.163444,0.291922,0.321107,0.215427
0.00552786,0.157495,0.299667,0.330261,0.20705
0.18838,0.0664154,0.172617,0.201544,0.371044
0.00258026,0.130952,0.284986,0.327986,0.253495
0.021578,0.185061,0.298616,0.312315,0.182429
0.0138359,0.123932,0.266022,0.350613,0.245597
0.0167127,0.150082,0.249982,0.312086,0.271136
0.0332867,0.153019,0.257172,0.28521,0.271312
0.0252203,0.151711,0.268305,0.325615,0.229149
0.0657225,0.128935,0.230602,0.308032,0.266709
0.141475,0.220997,0.175555,0.208805,0.253168
0.0232515,0.165007,0.262428,0.318135,0.231178
0.0167021,0.156023,0.256714,0.303496,0.267066
0.0399934,0.289232,0.237841,0.197972,0.234961
0.00913522,0.138756,0.222077,0.288086,0.341946
0.0430088,0.192533,0.222866,0.266415,0.275178
0.288572,0.0904453,0.138955,0.158083,0.323945
0.159291,0.150616,0.108223,0.147024,0.434847
0.0204121,0.152798,0.243474,0.283552,0.299764
0.0956742,0.349761,0.322577,0.142932,0.0890549
0.0125975,0.17612,0.289943,0.319159,0.202181
0.0649695,0.18255,0.213978,0.261507,0.276996
0.177817,0.0955172,0.18194,0.202125,0.342602
0.0330187,0.171783,0.266159,0.30579,0.223249
0.00856713,0.0815015,0.245331,0.346455,0.318145
0.00728679,0.125125,0.263811,0.342086,0.261691
0.00827551,0.140664,0.258867,0.303825,0.288368
0.333246,0.0812156,0.102807,0.132293,0.350439
0.0751159,0.106345,0.194701,0.239732,0.384106
0.0426293,0.179726,0.255783,0.296089,0.225772
0.0264654,0.207215,0.278724,0.299087,0.188508
0.0269346,0.217489,0.273405,0.290648,0.191524
0.435217,0.339283,0.147775,0.0451633,0.0325622
0.273824,0.635927,0.0835769,0.00433178,0.00234045
0.0990692,0.180835,0.393923,0.171136,0.155038
0.00330691,0.13503,0.276808,0.317172,0.267682
0.281967,0.216163,0.140558,0.156393,0.204918
0.0131264,0.167443,0.288015,0.32759,0.203825
0.0129843,0.155567,0.289706,0.337063,0.20468
0.102096,0.13053,0.221309,0.277024,0.269041
0.0644191,0.114638,0.230729,0.302846,0.287368
0.0294957,0.266523,0.376361,0.214616,0.113005
0.37158,0.260668,0.16085,0.121275,0.0856277
0.385662,0.0988678,0.101315,0.130038,0.284117
0.0216887,0.0888153,0.201998,0.30645,0.381049
0.167724,0.157106,0.210768,0.211224,0.253178
0.00831592,0.249688,0.339032,0.24204,0.160924
0.00139452,0.0886982,0.210893,0.294283,0.404731
0.0210115,0.14712,0.199212,0.254713,0.377943
0.0314819,0.162349,0.21267,0.258363,0.335136
0.0162479,0.135087,0.211411,0.265115,0.372139
0.0110379,0.160541,0.27229,0.316306,0.239825
0.0654457,0.305818,0.314373,0.210429,0.103934
0.432572,0.233828,0.149905,0.0883675,0.095328
0.0258699,0.163499,0.273334,0.30083,0.236466
0.183464,0.108864,0.19035,0.252344,0.264979
0.313675,0.257456,0.180629,0.145414,0.102827
0.00453953,0.0741335,0.233505,0.360513,0.327309
0.00567597,0.157305,0.301811,0.334453,0.200755
0.00667662,0.147713,0.274756,0.319842,0.251012
0.00805314,0.158462,0.292159,0.333458,0.207868
0.015592,0.167056,0.292101,0.328011,0.197239
0.624027,0.140506,0.0725163,0.0612206,0.10173
0.217356,0.145953,0.0323686,0.0893435,0.514979
0.311585,0.0730855,0.12819,0.17268,0.314459
0.030414,0.0935837,0.237891,0.345662,0.29245
0.00563743,0.159,0.299844,0.32617,0.209348
0.0410362,0.141627,0.253966,0.306575,0.256795
0.00904625,0.16723,0.290299,0.32818,0.205245
0.0091107,0.135966,0.245995,0.290851,0.318077
0.0115301,0.167019,0.280876,0.319535,0.22104
0.0650508,0.0951535,0.229184,0.299635,0.310977
0.0204941,0.0981707,0.259945,0.350366,0.271024
0.0686849,0.079533,0.192685,0.264758,0.394339
0.0106566,0.0622806,0.104167,0.172192,0.650704
0.0056639,0.118967,0.233478,0.285244,0.356647
0.159624,0.342072,0.27258,0.149549,0.0761755
0.00531253,0.136883,0.267935,0.311383,0.278486
0.200369,0.205961,0.197545,0.20178,0.194345
0.0797168,0.10284,0.204407,0.296656,0.31638
0.383463,0.223445,0.182729,0.107297,0.103065
0.160263,0.0902987,0.172458,0.201546,0.375434
0.0225341,0.28716,0.39533,0.188976,0.106
0.00660456,0.150447,0.281438,0.331031,0.23048
0.00596666,0.099549,0.176384,0.236497,0.481604
0.158885,0.272021,0.212205,0.189673,0.167216
0.0987038,0.323626,0.273338,0.190777,0.113556
0.0717051,0.272022,0.317409,0.220645,0.118219
0.0396546,0.200685,0.241755,0.276466,0.24144
0.032657,0.192064,0.280216,0.283233,0.211829
0.00620891,0.117934,0.279319,0.359101,0.237436
0.0143741,0.168415,0.301123,0.325333,0.190755
0.00438848,0.0980308,0.195888,0.253936,0.447757
0.119705,0.164382,0.149193,0.195904,0.370817
0.019235,0.150146,0.25735,0.316589,0.256679
0.00782353,0.162456,0.281732,0.319075,0.228913
0.0515223,0.103387,0.240882,0.320287,0.283922
0.104581,0.0976703,0.151006,0.236151,0.410592
0.00536209,0.152615,0.294388,0.33093,0.216705
0.147972,0.302223,0.270876,0.172017,0.106913
0.0550285,0.187629,0.446535,0.134331,0.176476
0.0432336,0.127419,0.191231,0.274789,0.363328
0.00937547,0.151838,0.26451,0.314865,0.259411
0.586791,0.186606,0.092547,0.0650013,0.0690538
0.281951,0.27036,0.201801,0.138746,0.107142
0.3591,0.515475,0.110372,0.0111096,0.00394331
0.539322,0.308646,0.101347,0.0329112,0.0177736
0.0107135,0.157596,0.273145,0.322537,0.236009
0.00449508,0.0809496,0.162938,0.238961,0.512657
0.00981029,0.143328,0.247492,0.303105,0.296264
0.242275,0.579014,0.158382,0.0146519,0.00567651
0.580055,0.332993,0.0656767,0.0137013,0.007574
0.00721207,0.156865,0.285795,0.323086,0.227042
0.251874,0.4698,0.211973,0.0448562,0.0214962
0.23777,0.576355,0.167071,0.0136977,0.0051058
0.261887,0.343855,0.204827,0.118263,0.0711675
0.0195373,0.185997,0.298116,0.2903,0.20605
0.00409748,0.147882,0.295108,0.326383,0.22653
0.0168717,0.178666,0.269311,0.311588,0.223563
0.0717985,0.0919467,0.219783,0.275157,0.341314
0.0524258,0.169498,0.191965,0.246336,0.339775
0.0155322,0.0859717,0.144459,0.212371,0.541666
0.00999554,0.123826,0.234061,0.305968,0.326149
0.280833,0.10853,0.122427,0.162066,0.326145
0.0216642,0.146752,0.229511,0.288205,0.313868
0.401274,0.384231,0.156694,0.0408351,0.0169663
0.193543,0.112935,0.146102,0.186099,0.36132
0.0854434,0.0871809,0.211554,0.26042,0.355402
0.00611197,0.159052,0.293456,0.324192,0.217189
0.0660695,0.292872,0.245565,0.175979,0.219513
0.204855,0.516952,0.2226,0.039763,0.0158298
0.0606649,0.221912,0.251767,0.267785,0.197872
0.131497,0.516081,0.239624,0.0725976,0.0402005
0.231904,0.458889,0.236762,0.0504873,0.0219581
0.44142,0.101785,0.0928387,0.103806,0.260151
0.169161,0.208022,0.174163,0.198507,0.250147
0.0371827,0.187432,0.255953,0.267851,0.251581
0.0455681,0.223435,0.265771,0.260946,0.204279
0.540142,0.253427,0.125488,0.0479716,0.0329711
0.018463,0.169661,0.275513,0.315945,0.220418
0.077861,0.249961,0.319145,0.231451,0.121582
0.112592,0.19796,0.186116,0.219035,0.284298
0.0213363,0.153276,0.276379,0.329991,0.219018
0.883348,0.00849456,0.035479,0.00381276,0.0688658
0.0301521,0.201996,0.288935,0.300005,0.178912
0.00592421,0.153631,0.290732,0.334562,0.215151
0.0263164,0.151432,0.260528,0.309905,0.251819
0.252983,0.456832,0.228662,0.0427026,0.0188211
0.0362602,0.122216,0.102764,0.138637,0.600123
0.0326735,0.16313,0.290027,0.315192,0.198977
0.0191801,0.190957,0.261129,0.297123,0.23161
0.0254129,0.192257,0.263119,0.295104,0.224107
0.019966,0.162353,0.305184,0.308337,0.20416
0.0347443,0.390719,0.32029,0.157169,0.097078
0.107124,0.137747,0.18464,0.250186,0.320304
0.577769,0.277416,0.104157,0.026632,0.0140259
0.00766543,0.121443,0.263941,0.336736,0.270214
0.347794,0.430447,0.17553,0.0305205,0.0157092
0.00493529,0.152423,0.294281,0.327005,0.221356
0.0017567,0.0611956,0.117284,0.178013,0.64175
0.02809,0.284595,0.343277,0.21439,0.129647
0.00816694,0.155812,0.279339,0.316769,0.239913
0.415812,0.264809,0.147783,0.101815,0.069781
0.006986,0.162072,0.282139,0.314348,0.234455
0.00728069,0.127075,0.244226,0.287037,0.334381
0.00732081,0.14388,0.263263,0.308663,0.276873
0.00297867,0.139985,0.29279,0.329705,0.234541
0.0071988,0.163735,0.295658,0.324121,0.209286
0.103473,0.156053,0.149665,0.203387,0.387423
0.116762,0.214698,0.276462,0.202569,0.189509
0.375301,0.475155,0.125273,0.0174569,0.00681366
0.601578,0.191176,0.0968333,0.0541462,0.0562667
0.109229,0.256023,0.254471,0.238604,0.141673
0.36319,0.120613,0.134256,0.132648,0.249293
0.173207,0.237676,0.20038,0.191838,0.196899
0.230507,0.172344,0.142252,0.173078,0.281819
0.0130917,0.149487,0.267549,0.321114,0.248758
0.0108025,0.170101,0.29624,0.327165,0.195692
0.0124584,0.167483,0.294386,0.330996,0.194676
0.030861,0.223216,0.277708,0.289156,0.179059
0.0471182,0.138958,0.278207,0.283405,0.252312
0.0255944,0.106873,0.250512,0.325179,0.291841
0.496922,0.255247,0.140112,0.0638258,0.0438927
0.131905,0.299472,0.264828,0.196935,0.10686
0.146835,0.579391,0.235773,0.0261724,0.0118286
0.282274,0.0983261,0.155721,0.199845,0.263833
0.222375,0.094922,0.160789,0.164193,0.357722
0.0102536,0.132369,0.269135,0.335019,0.253224
0.0333995,0.250105,0.290591,0.233251,0.192653
0.00512924,0.149904,0.290457,0.325748,0.228762
0.800891,0.0131539,0.0525809,0.00563779,0.127737
0.0118916,0.154488,0.301551,0.333543,0.198526
0.0284623,0.152502,0.263055,0.322305,0.233675
0.0113473,0.184846,0.272896,0.303828,0.227083
0.125564,0.266594,0.232328,0.223313,0.152201
0.0234573,0.162594,0.280809,0.327508,0.205631
0.0115379,0.162993,0.293614,0.332022,0.199833
0.0048135,0.144262,0.277039,0.317129,0.256757
0.240566,0.0526285,0.119682,0.181115,0.406008
0.326249,0.0111797,0.13135,0.0165569,0.514664
0.276694,0.482511,0.165757,0.0508616,0.0241757
0.419559,0.0478932,0.0775881,0.108835,0.346124
0.326958,0.494413,0.15495,0.0167747,0.00690454
0.0101398,0.160042,0.27764,0.320238,0.231941
0.161078,0.151632,0.163975,0.203561,0.319753
0.0107957,0.166672,0.296672,0.33063,0.195231
0.0132418,0.166082,0.290892,0.316071,0.213713
0.0310677,0.175981,0.257426,0.305578,0.229947
0.0133983,0.154098,0.272942,0.328622,0.23094
0.0164867,0.156456,0.266272,0.32649,0.234295
0.0528576,0.227987,0.248079,0.273883,0.197193
0.0529053,0.114739,0.227056,0.288862,0.316437
0.00431897,0.0953529,0.187287,0.252944,0.460097
0.109188,0.26476,0.201653,0.181112,0.243286
0.331293,0.363184,0.190651,0.0776516,0.0372209
0.24486,0.575985,0.162259,0.012174,0.00472153
0.284786,0.612615,0.0892893,0.00848539,0.00482365
0.0150903,0.109041,0.164805,0.232025,0.479038
0.474681,0.203271,0.116406,0.0988005,0.106841
0.435103,0.0807997,0.0703885,0.0892579,0.324451
0.34676,0.416253,0.171563,0.0461177,0.0193065
0.219509,0.0945611,0.142451,0.191089,0.352389
0.0425425,0.189835,0.30095,0.281401,0.185273
0.00897631,0.150471,0.298344,0.318316,0.223893
0.0326272,0.212785,0.300218,0.274673,0.179697
0.0832212,0.378176,0.312596,0.154618,0.0713889
0.287607,0.551864,0.142558,0.0130238,0.00494744
0.00810164,0.130013,0.235333,0.287967,0.338586
0.00312689,0.123773,0.249452,0.310243,0.313405
0.0128673,0.120195,0.252556,0.311242,0.30314
0.353913,0.10569,0.113818,0.126274,0.300303
0.0236323,0.164073,0.269291,0.313889,0.229114
0.0355314,0.0688665,0.180826,0.300293,0.414483
0.0184292,0.173514,0.306193,0.300298,0.201566
0.0195178,0.141736,0.272508,0.337469,0.228769
0.0818237,0.028109,0.120753,0.154973,0.614341
0.0285782,0.118978,0.260748,0.330317,0.261379
0.0225579,0.249867,0.372329,0.226298,0.128948
0.436211,0.387158,0.120859,0.0352889,0.0204827
0.343169,0.482013,0.129276,0.0298392,0.0157028
0.326133,0.36096,0.189812,0.0803293,0.0427669
0.0378828,0.139458,0.166835,0.229031,0.426794
0.0149342,0.142839,0.223978,0.280003,0.338246
0.229498,0.359252,0.262812,0.0942035,0.0542341
0.0683677,0.133228,0.187836,0.264182,0.346387
0.122634,0.298384,0.208178,0.169457,0.201346
0.280945,0.568916,0.138743,0.00817898,0.00321743
0.190817,0.594539,0.189238,0.0183592,0.00704611
0.0879613,0.280945,0.329766,0.196844,0.104484
0.297477,0.426772,0.20189,0.0506085,0.0232525
0.348789,0.232872,0.185706,0.126439,0.106194
0.0140917,0.126261,0.251077,0.343717,0.264854
0.0326618,0.06404,0.0854419,0.125805,0.692051
0.01858,0.173449,0.272217,0.314565,0.22119
0.0137131,0.160929,0.287348,0.281937,0.256073
0.221288,0.57341,0.180174,0.0177833,0.00734476
0.272985,0.056249,0.121566,0.175575,0.373625
0.0150161,0.182811,0.264653,0.294335,0.243186
0.0257153,0.23197,0.265999,0.272649,0.203666
0.0118088,0.107799,0.180266,0.247917,0.45221
0.0416518,0.309168,0.337776,0.19248,0.118924
0.507333,0.190015,0.101643,0.0913801,0.109629
0.20398,0.0710023,0.137704,0.202089,0.385224
0.0209612,0.167935,0.293602,0.3053,0.212202
0.00770202,0.163318,0.294273,0.329438,0.20527
0.00662781,0.128579,0.252043,0.294712,0.318038
0.0219519,0.150449,0.20143,0.250887,0.375282
0.00529549,0.116279,0.23529,0.280802,0.362334
0.0220754,0.0635181,0.111352,0.189146,0.613909
0.0182606,0.227479,0.278239,0.283254,0.192767
0.095027,0.260444,0.206034,0.223331,0.215164
0.0191778,0.18793,0.305884,0.297371,0.189637
0.00413301,0.112372,0.235484,0.285229,0.362782
0.302839,0.611238,0.079019,0.00468032,0.00222438
0.565006,0.285943,0.093322,0.0320206,0.0237077
0.239771,0.134158,0.224293,0.151827,0.249951
0.424184,0.259108,0.134465,0.087429,0.0948134
0.00676065,0.157632,0.287915,0.32683,0.220862
0.0220349,0.267713,0.318416,0.22286,0.168976
0.0501617,0.173827,0.248147,0.284379,0.243486
0.385192,0.546473,0.062604,0.00394703,0.00178405
0.414331,0.47649,0.0888507,0.0143388,0.00598962
0.00742031,0.120488,0.217732,0.286184,0.368175
0.288988,0.325144,0.206033,0.116908,0.0629268
0.273703,0.297803,0.196112,0.125544,0.106838
0.0449188,0.177331,0.183363,0.205118,0.389269
0.352725,0.118312,0.10918,0.121708,0.298074
0.0654047,0.278799,0.30572,0.223591,0.126486
0.00778272,0.163454,0.291391,0.32502,0.212353
0.0900661,0.115126,0.201784,0.271541,0.321483
0.00540115,0.157212,0.311036,0.340498,0.185853
0.00519009,0.122567,0.24096,0.294983,0.3363
0.327521,0.234873,0.163748,0.139455,0.134402
0.164807,0.552209,0.236948,0.0289795,0.0170557
0.0983404,0.0900823,0.168523,0.263511,0.379543
0.216133,0.270406,0.26993,0.07857,0.164961
0.00844432,0.163738,0.289536,0.325679,0.212603
0.0178542,0.143087,0.249494,0.321913,0.267652
0.0684685,0.269825,0.264017,0.215573,0.182116
0.0304069,0.155814,0.265984,0.324628,0.223167
0.0538001,0.099643,0.220805,0.32397,0.301782
0.00703244,0.135249,0.256222,0.304228,0.297268
0.0217238,0.207174,0.330908,0.284694,0.1555
0.0486121,0.0980876,0.213088,0.29293,0.347282
0.268749,0.32804,0.240665,0.10319,0.059356
0.192309,0.376836,0.254702,0.117174,0.05898
0.148605,0.517157,0.236417,0.0641872,0.0336332
0.0155844,0.152203,0.254339,0.295852,0.282021
0.00522429,0.157769,0.311275,0.339139,0.186592
0.010527,0.152862,0.293515,0.334801,0.208295
0.0263091,0.128124,0.149696,0.208554,0.487317
0.024093,0.187597,0.286986,0.308747,0.192577
0.00770958,0.160239,0.288895,0.321257,0.2219
0.0409357,0.158233,0.200979,0.251277,0.348575
0.287864,0.408498,0.206994,0.0648245,0.0318197
0.0228936,0.157943,0.23119,0.284723,0.303251
0.00639756,0.138131,0.259331,0.308725,0.287415
0.0173891,0.173857,0.261939,0.291144,0.255671
0.247088,0.404181,0.229549,0.0782888,0.0408936
0.236831,0.0921814,0.110179,0.136914,0.423895
0.0346286,0.100405,0.211485,0.310576,0.342905
0.0134172,0.164795,0.243434,0.289875,0.288479
0.373634,0.111268,0.124569,0.13002,0.260509
0.0134105,0.181556,0.278479,0.319135,0.207419
0.00922718,0.131233,0.263176,0.333677,0.262687
0.00291912,0.105123,0.237477,0.317473,0.337008
0.0155205,0.188489,0.259229,0.294665,0.242096
0.00256687,0.104581,0.240484,0.319734,0.332633
0.0171831,0.162896,0.255692,0.3168,0.24743
0.0147906,0.165316,0.291875,0.318366,0.209653
0.108975,0.187717,0.20815,0.246014,0.249144
0.0100019,0.165148,0.289316,0.32361,0.211924
0.00891946,0.157474,0.262555,0.313781,0.25727
0.0321979,0.202254,0.290553,0.303184,0.171811
0.00823283,0.152607,0.281977,0.332087,0.225095
0.00462306,0.146104,0.285966,0.322671,0.240635
0.00469535,0.118422,0.236217,0.315083,0.325583
0.00453409,0.120586,0.250205,0.296033,0.328642
0.267052,0.0866244,0.146748,0.199007,0.300568
0.0807182,0.295506,0.313108,0.20912,0.101547
0.133735,0.08051,0.106842,0.133995,0.544918
0.0174939,0.132349,0.189119,0.251093,0.409945
0.0061976,0.139831,0.274049,0.3122,0.267722
0.0519525,0.144274,0.151969,0.193938,0.457866
0.0768567,0.315081,0.302023,0.201663,0.104376
0.0764927,0.35021,0.308954,0.178486,0.0858563
0.00709107,0.150569,0.275706,0.313413,0.253221
0.0113352,0.142769,0.24532,0.296128,0.304447
0.0455841,0.247619,0.258124,0.25297,0.195702
0.0090571,0.129988,0.231019,0.279424,0.350512
0.274665,0.156991,0.109998,0.139546,0.3188
0.305653,0.305824,0.187328,0.0769024,0.124292
0.319102,0.478542,0.156201,0.0324675,0.0136885
0.0102361,0.122494,0.211186,0.271885,0.384199
0.240995,0.154665,0.197512,0.157341,0.249488
0.0405153,0.109971,0.24096,0.329826,0.278728
0.0252639,0.132564,0.259949,0.321543,0.26068
0.0118131,0.145986,0.255287,0.29566,0.291254
0.0109415,0.165448,0.27681,0.318236,0.228565
0.115505,0.2327,0.245568,0.207123,0.199104
0.631379,0.0409236,0.0413814,0.033988,0.252328
0.179856,0.370813,0.287252,0.106585,0.0554943
0.333124,0.100379,0.115961,0.142599,0.307937
0.0135989,0.107227,0.235961,0.334935,0.308279
0.0112405,0.167631,0.297838,0.328627,0.194665
0.0736594,0.174597,0.1984,0.23365,0.319693
0.43456,0.0912206,0.0975883,0.107457,0.269175
0.0324465,0.157572,0.255944,0.293665,0.260374
0.265756,0.586081,0.132627,0.0115723,0.00396329
0.026993,0.154695,0.217456,0.268128,0.332728
0.165729,0.289297,0.272355,0.166893,0.105726
0.0396541,0.132356,0.258844,0.333777,0.235368
0.256659,0.0844383,0.150946,0.194586,0.31337
0.0251621,0.2468,0.258265,0.265274,0.204499
0.0141986,0.204704,0.295529,0.303754,0.181815
0.0235081,0.0893772,0.242633,0.352648,0.291833
0.0157023,0.105792,0.123441,0.169707,0.585358
0.00811166,0.167821,0.32973,0.31488,0.179457
0.00234983,0.130309,0.332468,0.333615,0.201259
0.00715263,0.145728,0.254597,0.324514,0.268009
0.00667174,0.166064,0.298571,0.328369,0.200325
0.022313,0.164051,0.238209,0.295783,0.279643
0.0106024,0.141772,0.289321,0.348498,0.209807
0.0565627,0.269094,0.283289,0.247278,0.143777
0.012317,0.0866904,0.138492,0.174566,0.587935
0.0460659,0.248962,0.296814,0.246907,0.161252
0.232439,0.339486,0.219148,0.122819,0.0861081
0.130297,0.097712,0.168966,0.219373,0.383653
0.0130092,0.112286,0.259303,0.346444,0.268958
0.0127589,0.111191,0.225923,0.321976,0.328151
0.0396529,0.160443,0.184986,0.237982,0.376936
0.0177786,0.175531,0.271739,0.312808,0.222143
0.0696082,0.134403,0.238055,0.302575,0.255358
0.01263,0.167146,0.263977,0.310104,0.246143
0.221849,0.0592157,0.0951031,0.150254,0.473578
0.149616,0.305392,0.256507,0.183307,0.105178
0.0108888,0.128048,0.210568,0.267855,0.38264
0.0830921,0.293868,0.296506,0.214098,0.112436
0.304073,0.182818,0.204608,0.14209,0.166412
0.00833073,0.148557,0.254585,0.302824,0.285703
0.0974321,0.360874,0.282852,0.161024,0.0978176
0.00134989,0.111604,0.311229,0.373799,0.202018
0.0445331,0.147442,0.183796,0.248716,0.375513
0.00583244,0.150871,0.284564,0.32068,0.238053
0.25654,0.0994345,0.0903192,0.122913,0.430792
0.267231,0.00439805,0.0847732,0.0065968,0.637001
0.0263199,0.250292,0.340762,0.207857,0.174769
0.191652,0.398304,0.255856,0.0993445,0.0548437
0.0190146,0.153192,0.277383,0.336918,0.213492
0.00668376,0.125242,0.246881,0.290173,0.33102
0.00759186,0.151767,0.276099,0.315579,0.248963
0.0226794,0.169494,0.263239,0.300956,0.243633
0.00372743,0.126522,0.262533,0.308108,0.29911
0.019279,0.181173,0.272113,0.311882,0.215553
0.0060754,0.154816,0.288341,0.322973,0.227795
0.00944324,0.133022,0.238509,0.287036,0.33199
0.00686516,0.141668,0.265039,0.307336,0.279092
0.0112684,0.137864,0.231523,0.284966,0.334378
0.12752,0.205648,0.194946,0.227557,0.244329
0.0101794,0.164077,0.28745,0.31755,0.220743
0.467738,0.225643,0.126198,0.0922035,0.0882174
0.111144,0.238106,0.201797,0.220344,0.228609
0.0269315,0.177734,0.239352,0.286428,0.269555
0.108937,0.277101,0.2745,0.216054,0.123409
0.269637,0.211387,0.146852,0.151593,0.220531
0.205234,0.427595,0.276139,0.0505948,0.0404373
0.0437582,0.208523,0.314747,0.277667,0.155305
0.031029,0.142209,0.232124,0.289875,0.304763
0.00584483,0.157732,0.298839,0.330639,0.206944
0.46764,0.217376,0.172863,0.0690036,0.0731178
0.00694805,0.160378,0.280018,0.321642,0.231014
0.00325935,0.0970794,0.208234,0.291757,0.39967
0.00803396,0.160828,0.292025,0.330276,0.208837
0.362271,0.30749,0.170421,0.0824066,0.0774119
0.0314484,0.178706,0.246259,0.291509,0.252078
0.00741808,0.154644,0.2853,0.332317,0.220321
0.0137697,0.18216,0.284595,0.316966,0.202509
0.2379,0.175211,0.14371,0.162079,0.281099
0.000972923,0.0996498,0.257886,0.317271,0.32422
0.157635,0.278393,0.261979,0.172652,0.129342
0.00975969,0.163739,0.286978,0.319827,0.219696
0.682088,0.216928,0.0675606,0.0199848,0.0134387
0.0131211,0.177865,0.29398,0.319102,0.195932
0.086209,0.35005,0.315634,0.16285,0.0852573
0.00635191,0.150216,0.269774,0.314644,0.259014
0.338538,0.478133,0.150493,0.0234884,0.00934745
0.00565873,0.155556,0.295218,0.331023,0.212544
0.0455006,0.424189,0.328176,0.127549,0.0745853
0.0253021,0.165988,0.292338,0.297063,0.219309
0.19591,0.261061,0.223123,0.178778,0.141128
0.0119486,0.169041,0.285212,0.319763,0.214036
0.341609,0.0660257,0.104247,0.142377,0.345742
0.347742,0.119017,0.133089,0.139518,0.260634
0.00139219,0.121936,0.30287,0.357399,0.216403
0.238421,0.530517,0.187328,0.0299516,0.0137831
0.00655562,0.145738,0.249883,0.305628,0.292196
0.0135983,0.149447,0.25358,0.298226,0.285149
0.0687353,0.174945,0.195529,0.243956,0.316835
0.511376,0.202496,0.11091,0.0840267,0.0911919
0.358699,0.111391,0.128778,0.13388,0.267252
0.0182233,0.182793,0.260787,0.298686,0.239511
0.503382,0.248633,0.119307,0.0740881,0.0545898
0.505515,0.217524,0.118023,0.0828868,0.076051
0.380854,0.184833,0.147198,0.123603,0.163512
0.00741328,0.16115,0.297533,0.33008,0.203824
0.326138,0.129895,0.129595,0.14589,0.268481
0.0493013,0.0970325,0.0852721,0.129079,0.639315
0.112272,0.118245,0.224891,0.290724,0.253868
0.295863,0.334326,0.198674,0.109833,0.0613035
0.122996,0.160215,0.217544,0.233473,0.265772
0.00719554,0.1567,0.289136,0.327003,0.219964
0.183737,0.238544,0.292438,0.14109,0.144191
0.347682,0.35165,0.187991,0.0668578,0.0458198
0.139379,0.167328,0.282807,0.190235,0.220251
0.471767,0.357177,0.125859,0.0316773,0.0135198
0.0312588,0.108209,0.100724,0.128026,0.631782
0.35746,0.246493,0.18427,0.115715,0.0960618
0.0321805,0.238869,0.36501,0.228335,0.135606
0.0146979,0.146966,0.283151,0.340434,0.214751
0.43419,0.230653,0.148022,0.0883397,0.0987952
0.451312,0.19159,0.142066,0.0912795,0.123753
0.00204613,0.124357,0.282334,0.350622,0.24064
0.144978,0.361911,0.291182,0.118701,0.0832274
0.0266481,0.0686196,0.235816,0.308988,0.359928
0.0081434,0.146522,0.259228,0.30816,0.277947
0.0130291,0.157129,0.245304,0.295679,0.288859
0.38488,0.0862993,0.110335,0.128574,0.289912
0.00877321,0.15509,0.297083,0.338678,0.200376
0.00514262,0.133072,0.273983,0.341017,0.246785
0.0213834,0.158198,0.245922,0.280787,0.29371
0.326153,0.144725,0.197726,0.112853,0.218544
0.149529,0.350291,0.273844,0.151165,0.0751708
0.0116124,0.156977,0.293303,0.316876,0.221231
0.180871,0.277343,0.237698,0.18298,0.121108
0.0165998,0.164771,0.287481,0.327727,0.203421
0.0117897,0.161742,0.290754,0.334343,0.201371
0.0437899,0.181119,0.205848,0.244517,0.324727
0.00890171,0.162676,0.286965,0.327324,0.214133
0.00848729,0.159129,0.281314,0.318936,0.232133
0.0372174,0.323152,0.322451,0.178486,0.138693
0.00930048,0.161432,0.299699,0.333899,0.195669
0.00157457,0.0860379,0.239626,0.338114,0.334648
0.477317,0.0494443,0.0427309,0.0581283,0.372379
0.00410977,0.144604,0.288879,0.323705,0.238703
0.00419135,0.0831751,0.150195,0.210813,0.551626
0.0483009,0.066614,0.0877073,0.143746,0.653631
0.00684622,0.171345,0.284746,0.318988,0.218075
0.0217692,0.17901,0.266084,0.304563,0.228574
0.422163,0.0977954,0.105242,0.111483,0.263316
0.115357,0.128396,0.231815,0.2271,0.297332
0.0110849,0.330369,0.342724,0.167112,0.14871
0.0286727,0.250091,0.396559,0.208732,0.115945
0.0340948,0.309411,0.365067,0.188806,0.10262
0.0319344,0.0944216,0.234476,0.335454,0.303714
0.102328,0.127692,0.22886,0.283471,0.257649
0.0167564,0.156681,0.249303,0.295147,0.282112
0.00584174,0.159028,0.30352,0.337122,0.194488
0.00651873,0.159,0.308227,0.333486,0.192769
0.00716326,0.153292,0.280449,0.320808,0.238287
0.019527,0.15044,0.268588,0.330635,0.23081
0.0555687,0.185778,0.246602,0.277647,0.234405
0.0494503,0.176835,0.213476,0.25798,0.302259
0.135979,0.212336,0.188877,0.216874,0.245934
0.0951085,0.328975,0.294905,0.188498,0.0925133
0.0735453,0.238392,0.318042,0.240806,0.129215
0.0797987,0.141457,0.2315,0.290335,0.256909
0.0739106,0.15663,0.221214,0.276906,0.27134
0.220543,0.137074,0.233917,0.164998,0.243468
0.517656,0.0474079,0.0345585,0.0529072,0.34747
0.00999237,0.153116,0.256115,0.317479,0.263298
0.058149,0.22682,0.338188,0.24739,0.129453
0.056788,0.121241,0.137304,0.204514,0.480153
0.150424,0.124235,0.180687,0.218087,0.326567
0.00428657,0.134274,0.269509,0.312591,0.27934
0.356975,0.138989,0.0812605,0.114563,0.308213
0.0997868,0.768962,0.117657,0.00874666,0.00484728
0.108944,0.273674,0.325838,0.179255,0.112289
0.258848,0.317709,0.196443,0.128819,0.0981802
0.0186762,0.15999,0.278954,0.310806,0.231575
0.0364827,0.126261,0.240552,0.324811,0.271893
0.0388439,0.132278,0.169389,0.226016,0.433473
0.0113219,0.128856,0.222399,0.296448,0.340975
0.461919,0.0715332,0.0885967,0.0974384,0.280513
0.383884,0.0877114,0.117676,0.134791,0.275938
0.322859,0.141984,0.149716,0.151419,0.234022
0.171372,0.22409,0.157201,0.185356,0.261982
0.0667923,0.267021,0.322615,0.225883,0.117689
0.0711634,0.295231,0.305084,0.215181,0.113341
0.346437,0.272252,0.155588,0.121524,0.104199
0.00406502,0.125734,0.27861,0.345837,0.245755
0.00573342,0.157839,0.295291,0.330029,0.211107
0.053435,0.118646,0.241583,0.295009,0.291326
0.0129433,0.167879,0.291463,0.329235,0.19848
0.398773,0.0757537,0.0840629,0.109648,0.331762
0.056489,0.282576,0.342677,0.213356,0.104903
0.024384,0.167615,0.264752,0.281449,0.2618
0.431132,0.305898,0.160602,0.0662909,0.036077
0.247032,0.0966634,0.129203,0.178521,0.34858
0.0275754,0.189204,0.232753,0.280173,0.270295
0.210084,0.170522,0.139885,0.173984,0.305525
0.0606889,0.122362,0.207345,0.286904,0.3227
0.0835612,0.265371,0.247927,0.224349,0.178793
0.0247493,0.168155,0.238189,0.288525,0.280383
0.0190715,0.16256,0.275843,0.326127,0.216399
0.123648,0.103251,0.20895,0.254623,0.309529
0.0116964,0.126039,0.326482,0.288386,0.247396
0.042979,0.171226,0.259587,0.313156,0.213052
0.0202901,0.166448,0.262509,0.300841,0.249911
0.00678576,0.11649,0.221827,0.277053,0.377844
0.00547367,0.11778,0.226789,0.283849,0.366109
0.222827,0.243091,0.199584,0.16788,0.166618
0.00468089,0.136998,0.324414,0.340485,0.193423
0.0188074,0.181718,0.286052,0.315298,0.198125
0.236066,0.202838,0.0949749,0.145468,0.320652
0.112289,0.235467,0.252908,0.238001,0.161334
0.0503583,0.177453,0.198426,0.243516,0.330247
0.00479009,0.141915,0.279271,0.324564,0.24946
0.00562229,0.15684,0.295453,0.330185,0.211901
0.480633,0.369285,0.107755,0.0268264,0.0155009
0.19684,0.53588,0.204898,0.0433427,0.0190398
0.004481,0.155372,0.304311,0.3371,0.198735
0.00449611,0.152808,0.301128,0.33482,0.206748
0.017738,0.0495411,0.174623,0.303443,0.454655
0.212057,0.302633,0.26721,0.114803,0.103299
0.42464,0.189879,0.323262,0.0189188,0.043301
0.0263206,0.189144,0.264414,0.304585,0.215536
0.012064,0.145997,0.260913,0.317979,0.263047
0.147472,0.210339,0.297654,0.181604,0.162931
0.323621,0.128038,0.115947,0.151057,0.281337
0.0147758,0.170423,0.293016,0.326957,0.194829
0.0592699,0.138207,0.217535,0.278201,0.306787
0.0340131,0.132489,0.247169,0.328092,0.258237
0.00748904,0.15684,0.289206,0.321252,0.225213
0.0435002,0.0832636,0.222063,0.313872,0.337301
0.00694505,0.159398,0.293669,0.326056,0.213932
0.0151915,0.173187,0.281103,0.319921,0.210596
0.021735,0.161173,0.278635,0.326422,0.212034
0.262744,0.712887,0.023263,0.000787447,0.000318212
0.203186,0.634093,0.143742,0.0112716,0.00770655
0.563394,0.333252,0.0731525,0.0192481,0.0109535
0.320785,0.531668,0.12133,0.0180663,0.0081505
0.396624,0.442497,0.124349,0.0241101,0.0124199
0.169791,0.539338,0.248232,0.0298945,0.0127442
0.00337584,0.0634348,0.101275,0.155154,0.676761
0.801976,0.135308,0.0344121,0.0146232,0.0136801
0.114451,0.0206773,0.0911718,0.136837,0.636862
0.00788134,0.114736,0.200791,0.257517,0.419076
0.00897437,0.165935,0.270754,0.318791,0.235546
0.00510323,0.154044,0.297159,0.330774,0.21292
0.32935,0.0875312,0.118358,0.147032,0.317728
0.037252,0.175497,0.240705,0.284297,0.262249
0.00890113,0.140036,0.256011,0.299334,0.295717
0.29117,0.403438,0.21638,0.0567686,0.0322434
0.00792093,0.159288,0.28863,0.324594,0.219567
0.00996508,0.16247,0.289216,0.329255,0.209093
0.108131,0.12157,0.201312,0.251174,0.317813
0.0206469,0.144323,0.198987,0.251785,0.384258
0.0981058,0.179499,0.180486,0.229861,0.312048
0.0368115,0.226004,0.251647,0.267932,0.217605
0.376057,0.351503,0.183322,0.0576486,0.0314693
0.0180782,0.107223,0.217803,0.32141,0.335485
0.00343117,0.132886,0.279051,0.328131,0.256502
0.0260745,0.2098,0.256144,0.285458,0.222524
0.060947,0.134858,0.248483,0.250284,0.305428
0.00641397,0.15596,0.297138,0.330613,0.209875
0.0330153,0.170812,0.31096,0.283443,0.20177
0.365751,0.262473,0.1701,0.116415,0.0852608
0.00570784,0.142072,0.269348,0.332211,0.250661
0.0398194,0.226383,0.317852,0.268985,0.146959
0.0395779,0.228524,0.319038,0.267001,0.14586
0.0407373,0.187129,0.313154,0.292733,0.166247
0.0317239,0.192588,0.292804,0.300654,0.182231
0.0481469,0.159078,0.249459,0.282032,0.261285
0.023842,0.165285,0.25527,0.294353,0.26125
0.175875,0.24395,0.218688,0.212383,0.149104
0.214629,0.318283,0.240262,0.148619,0.0782077
0.234033,0.0809168,0.143865,0.188191,0.352995
0.0168662,0.142971,0.284558,0.341809,0.213796
0.0224985,0.143812,0.284303,0.335151,0.214236
0.0310252,0.151227,0.273403,0.331011,0.213334
0.0611002,0.211402,0.236863,0.27699,0.213644
0.0122019,0.183829,0.285573,0.306686,0.211709
0.0172071,0.164882,0.266275,0.307173,0.244463
0.0126471,0.143946,0.243425,0.296014,0.303968
0.017202,0.153126,0.303375,0.320785,0.205513
0.279064,0.116303,0.132958,0.168822,0.302853
0.109287,0.117844,0.188879,0.242359,0.341631
0.0650804,0.100745,0.192591,0.277632,0.36395
0.0109109,0.168768,0.29072,0.327492,0.202109
0.0770524,0.122059,0.216513,0.286161,0.298214
0.209164,0.104677,0.171615,0.227437,0.287107
0.0116761,0.0909967,0.252492,0.343413,0.301422
0.231603,0.148914,0.156696,0.169045,0.293743
0.0154792,0.168533,0.253135,0.299932,0.262921
0.0855793,0.249674,0.204061,0.21915,0.241535
0.390748,0.396353,0.163651,0.0351367,0.0141109
0.571857,0.225694,0.102243,0.056408,0.0437976
