0.0600938,0.265514,0.259909,0.208278,0.206205
0.00249973,0.0742707,0.357478,0.282186,0.283565
0.0101861,0.148211,0.31699,0.279475,0.245137
0.00658088,0.102158,0.336941,0.288566,0.265754
0.0312665,0.139808,0.265753,0.285841,0.27733
0.00629279,0.118864,0.33868,0.286917,0.249246
0.301767,0.283783,0.150755,0.126779,0.136916
0.14174,0.190187,0.208247,0.232371,0.227455
0.00665251,0.0940524,0.32475,0.293086,0.281459
0.00340216,0.0802969,0.339389,0.290938,0.285974
0.295823,0.19908,0.137424,0.173,0.194674
0.00386064,0.0871146,0.342597,0.288997,0.27743
0.0267516,0.204233,0.27947,0.251508,0.238037
0.00583386,0.0868668,0.323102,0.291292,0.292904
0.00227741,0.0594905,0.355997,0.277749,0.304487
0.00330737,0.0704127,0.336255,0.284157,0.305868
0.072483,0.192019,0.237681,0.258342,0.239475
0.00346273,0.0799268,0.329153,0.290209,0.297249
0.00254485,0.0679675,0.355478,0.283288,0.290722
0.0147409,0.11506,0.2991,0.291396,0.279704
0.0021277,0.0599999,0.360266,0.27748,0.300126
0.00448933,0.0947601,0.344102,0.276983,0.279665
0.0135636,0.121458,0.280375,0.296465,0.28814
0.0356227,0.172987,0.267797,0.278824,0.244769
0.0395208,0.154515,0.270416,0.276895,0.258653
0.0886947,0.173826,0.214279,0.257783,0.265416
0.103455,0.208786,0.218614,0.239501,0.229644
0.0117732,0.100593,0.299317,0.287951,0.300366
0.00485564,0.0916954,0.348761,0.287161,0.267528
0.010684,0.112153,0.297094,0.293815,0.286254
0.00188516,0.0568361,0.359363,0.276636,0.305279
0.0175231,0.132067,0.286483,0.290545,0.273382
0.355601,0.36858,0.152037,0.0621093,0.0616725
0.0249479,0.136423,0.27729,0.285394,0.275944
0.0041979,0.088973,0.330788,0.292898,0.283143
0.0182577,0.132604,0.304635,0.285458,0.259045
0.00363558,0.0855208,0.344993,0.288058,0.277792
0.0529892,0.177629,0.237957,0.271216,0.260209
0.00726122,0.113894,0.319393,0.29398,0.265472
0.00801245,0.104981,0.322015,0.289947,0.275044
0.0147805,0.168459,0.30173,0.272293,0.242738
0.00386224,0.0754313,0.336514,0.28713,0.297062
0.00382184,0.0915734,0.344105,0.291641,0.268859
0.00305112,0.0790045,0.349587,0.29065,0.277707
0.0397673,0.166215,0.238852,0.283605,0.27156
0.00286243,0.0740241,0.362625,0.283955,0.276534
0.00718668,0.109104,0.305174,0.296673,0.281862
0.0166661,0.151501,0.275167,0.28931,0.267356
0.00386353,0.0747487,0.345515,0.285159,0.290714
0.0033085,0.0710478,0.326515,0.286197,0.312931
0.00653024,0.122516,0.319708,0.285476,0.26577
0.310586,0.214133,0.135958,0.162929,0.176394
0.0158531,0.127738,0.290042,0.291103,0.275264
0.00307493,0.0687982,0.334538,0.284115,0.309474
0.0275786,0.158045,0.267243,0.283838,0.263297
0.0056429,0.0823786,0.313232,0.287563,0.311184
0.00678363,0.0919169,0.308987,0.293609,0.298703
0.00742295,0.104863,0.325876,0.291797,0.270041
0.00766902,0.101186,0.332319,0.287687,0.27114
0.00631631,0.0828575,0.307228,0.288742,0.314856
0.00352304,0.0729866,0.335322,0.286829,0.301339
0.00427486,0.0870528,0.342462,0.290058,0.276153
0.405317,0.263372,0.115696,0.096155,0.11946
0.00255561,0.0721788,0.337692,0.288482,0.299092
0.00274782,0.0651067,0.330828,0.28364,0.317678
0.0672274,0.191773,0.230499,0.259433,0.251067
0.0665439,0.23291,0.234498,0.236076,0.229972
0.00393429,0.0999526,0.337675,0.283906,0.274532
0.0113807,0.119927,0.307589,0.291632,0.269471
0.870047,0.0673701,0.0212472,0.0173651,0.0239703
0.600476,0.285317,0.0772284,0.021292,0.0156863
0.0197636,0.15731,0.306856,0.276474,0.239596
0.0153538,0.168166,0.297319,0.270016,0.249145
0.105987,0.235647,0.222584,0.229114,0.206669
0.00203221,0.0607489,0.361126,0.279268,0.296825
0.00442972,0.0776696,0.33367,0.287178,0.297052
0.0430136,0.158804,0.245393,0.280138,0.272651
0.00813531,0.123095,0.319301,0.287802,0.261666
0.00964075,0.130357,0.301976,0.287827,0.270199
0.0143262,0.14312,0.309283,0.283336,0.249935
0.00451303,0.092987,0.331511,0.29063,0.280359
0.342009,0.191108,0.117163,0.159683,0.190037
0.00766816,0.127808,0.319509,0.284729,0.260286
0.00770897,0.125382,0.319677,0.286365,0.260867
0.00343358,0.0914752,0.348163,0.285903,0.271026
0.00213995,0.0591728,0.359781,0.276969,0.301937
0.0384773,0.175529,0.285426,0.266782,0.233785
0.272701,0.380118,0.184934,0.0785554,0.0836919
0.17275,0.501413,0.218839,0.0697647,0.0372332
0.00229215,0.0681266,0.355184,0.283177,0.29122
0.00214818,0.059558,0.360434,0.276778,0.301082
0.00199404,0.0592789,0.363581,0.277204,0.297942
0.00254767,0.0636449,0.351028,0.280639,0.302141
0.00193353,0.0569032,0.356185,0.275724,0.309255
0.00454613,0.098704,0.345784,0.285006,0.26596
0.105916,0.334465,0.266809,0.152982,0.139827
0.00812404,0.0989819,0.297716,0.284436,0.310743
0.00246268,0.0592775,0.31844,0.276569,0.34325
0.00585824,0.109916,0.329874,0.287083,0.267268
0.0179916,0.155744,0.284075,0.283338,0.258851
0.0174989,0.126229,0.27761,0.295393,0.28327
0.0126552,0.145187,0.303129,0.285605,0.253424
0.191404,0.182579,0.169,0.219266,0.237751
0.00405518,0.0793389,0.326303,0.287271,0.303032
0.0251349,0.133484,0.270667,0.289167,0.281547
0.0053034,0.0800223,0.313571,0.285951,0.315152
0.0145848,0.139366,0.321493,0.278227,0.24633
0.00238628,0.0815025,0.353255,0.290778,0.272078
0.00463916,0.076908,0.335621,0.284608,0.298224
0.00272789,0.0727545,0.345218,0.285489,0.29381
0.0142485,0.121167,0.300512,0.290531,0.273542
0.017472,0.174393,0.28928,0.266237,0.252619
0.0162016,0.161215,0.278469,0.286371,0.257743
0.00467972,0.0814051,0.339945,0.287095,0.286876
0.00357233,0.0904176,0.339647,0.291898,0.274465
0.0011416,0.0558749,0.332507,0.272728,0.337749
0.00302351,0.0688854,0.340474,0.28513,0.302487
0.00702175,0.104896,0.324739,0.292455,0.270888
0.0069652,0.101191,0.32135,0.294374,0.27612
0.01137,0.119376,0.286698,0.297709,0.284847
0.00637046,0.0955801,0.325153,0.290975,0.281921
0.0871503,0.166629,0.219521,0.259146,0.267554
0.00245045,0.0711291,0.35764,0.286006,0.282774
0.0114813,0.145401,0.287606,0.287581,0.267932
0.0257821,0.152594,0.280953,0.283538,0.257132
0.0166697,0.143865,0.276508,0.294333,0.268624
0.673086,0.127219,0.0529568,0.0615152,0.0852228
0.00359156,0.0825936,0.34929,0.287712,0.276813
0.00413624,0.0791212,0.344032,0.285279,0.287432
0.00492046,0.0816545,0.329448,0.287533,0.296444
0.0319204,0.13135,0.250448,0.289382,0.2969
0.0367967,0.20579,0.28194,0.255469,0.220005
0.549742,0.173825,0.0811237,0.0921987,0.10311
0.0439614,0.212037,0.245619,0.252746,0.245637
0.00206334,0.0577937,0.358156,0.276377,0.30561
0.00365193,0.0894696,0.340742,0.291299,0.274838
0.0359972,0.144534,0.275209,0.277003,0.267257
0.00234142,0.0746373,0.349351,0.283972,0.289698
0.00504155,0.116595,0.338431,0.282125,0.257808
0.129637,0.175265,0.203894,0.239773,0.251431
0.082447,0.215465,0.213652,0.246313,0.242123
0.0813262,0.213043,0.213385,0.24814,0.244106
0.633188,0.260706,0.0702807,0.0201313,0.0156949
0.00595195,0.114717,0.344872,0.280727,0.253732
0.00259286,0.0776348,0.335432,0.282863,0.301478
0.0383283,0.139746,0.252164,0.282012,0.28775
0.00894624,0.108234,0.323877,0.29034,0.268603
0.0227582,0.131709,0.28435,0.286628,0.274555
0.0336949,0.137884,0.259464,0.285928,0.283028
0.552238,0.157675,0.0752525,0.0932,0.121634
0.048032,0.182334,0.241241,0.272722,0.255671
0.078313,0.183468,0.219299,0.260304,0.258616
0.146302,0.200547,0.204698,0.225456,0.222996
0.0107107,0.118661,0.290418,0.29726,0.282951
0.00217116,0.0678656,0.362734,0.28344,0.283789
0.00336958,0.0940707,0.347529,0.286838,0.268193
0.0482886,0.148005,0.241032,0.277369,0.285306
0.00753102,0.116322,0.334492,0.287742,0.253913
0.00150952,0.0571332,0.368491,0.276779,0.296087
0.0110226,0.153715,0.303151,0.276146,0.255966
0.301064,0.204627,0.154077,0.170054,0.170178
0.00410725,0.0768369,0.323507,0.288716,0.306833
0.0269258,0.133583,0.270138,0.287485,0.281869
0.192354,0.204748,0.170397,0.210017,0.222484
0.0089954,0.126755,0.303353,0.29235,0.268547
0.00295124,0.0874296,0.349178,0.285884,0.274557
0.0225093,0.138727,0.284134,0.284815,0.269815
0.00632918,0.0941806,0.314536,0.2923,0.292654
0.123448,0.197914,0.225967,0.235648,0.217024
0.150449,0.202289,0.215055,0.22405,0.208157
0.11921,0.190585,0.227063,0.238446,0.224696
0.231627,0.207934,0.185277,0.192582,0.182579
0.0439012,0.178398,0.231584,0.275872,0.270245
0.00658013,0.0973454,0.307156,0.294305,0.294614
0.00451415,0.0980533,0.322939,0.295618,0.278876
0.00184924,0.058813,0.360443,0.278247,0.300648
0.00342656,0.0926517,0.336518,0.288779,0.278625
0.00708861,0.0878099,0.315799,0.290987,0.298316
0.0237534,0.181484,0.294338,0.266782,0.233643
0.00475053,0.0783305,0.327541,0.289236,0.300142
0.046207,0.196559,0.252665,0.263572,0.240997
0.141651,0.226307,0.193238,0.221308,0.217495
0.00423636,0.0825159,0.335501,0.290023,0.287723
0.00583238,0.0961621,0.316454,0.291896,0.289656
0.154359,0.428717,0.241639,0.0912755,0.0840091
0.0244774,0.162079,0.302615,0.273147,0.237682
0.00431708,0.0813907,0.336916,0.289394,0.287982
0.0577511,0.165505,0.224142,0.276437,0.276164
0.00255216,0.0684961,0.342664,0.285685,0.300603
0.00520723,0.0979121,0.332885,0.294148,0.269848
0.0333782,0.126273,0.256157,0.284199,0.299993
0.145555,0.19505,0.194408,0.231816,0.233171
0.0255724,0.172498,0.267529,0.282223,0.252178
0.163264,0.228012,0.196653,0.214117,0.197954
0.37825,0.366962,0.148296,0.0529893,0.0535024
0.671699,0.247132,0.0545359,0.0145702,0.0120633
0.0838998,0.180656,0.209976,0.259276,0.266192
0.0653166,0.175431,0.230194,0.266428,0.26263
0.00866933,0.0938873,0.304049,0.291158,0.302237
0.00863412,0.0906783,0.306357,0.288065,0.306266
0.00245819,0.068626,0.356149,0.280935,0.291832
0.00584966,0.103842,0.322958,0.295766,0.271585
0.276908,0.201431,0.167054,0.179269,0.175338
0.6796,0.236632,0.0533091,0.0167047,0.0137543
0.43953,0.364333,0.112144,0.0448838,0.0391098
0.0118953,0.10955,0.295869,0.29403,0.288656
0.00911259,0.113818,0.301889,0.298767,0.276413
0.0221712,0.150425,0.260547,0.292584,0.274272
0.0375314,0.201288,0.300144,0.238771,0.222266
0.0635324,0.179349,0.255026,0.260749,0.241344
0.00686695,0.11085,0.308149,0.301111,0.273023
0.00239068,0.0660102,0.360172,0.281981,0.289447
0.00600384,0.118418,0.332954,0.283012,0.259612
0.00249198,0.0642865,0.350288,0.280691,0.302243
0.0234672,0.128598,0.263251,0.290774,0.293911
0.0183874,0.123535,0.287358,0.288302,0.282418
0.0647471,0.194176,0.216921,0.263492,0.260664
0.0053358,0.0976395,0.344949,0.286374,0.265702
0.00322219,0.0750558,0.344626,0.28744,0.289656
0.0107824,0.0988482,0.300914,0.288736,0.300719
0.00472641,0.0972527,0.342573,0.285847,0.269602
0.0171843,0.154851,0.300697,0.27423,0.253037
0.0101534,0.147332,0.305376,0.278265,0.258874
0.00460072,0.0883483,0.319407,0.291959,0.295685
0.00444699,0.0962615,0.346426,0.289347,0.263518
0.782111,0.105535,0.0360989,0.0342881,0.0419668
0.00281913,0.0785517,0.324777,0.28881,0.305042
0.00958701,0.122678,0.304601,0.295525,0.267609
0.110822,0.184976,0.20059,0.247704,0.255907
0.0488819,0.250176,0.273772,0.218875,0.208295
0.00645352,0.0942517,0.333734,0.289839,0.275722
0.00332414,0.0816451,0.347666,0.28733,0.280035
0.00554732,0.0952754,0.343464,0.288105,0.267608
0.00395027,0.086266,0.333641,0.293909,0.282234
0.0101413,0.134957,0.325017,0.279342,0.250542
0.00707342,0.0947135,0.300762,0.295276,0.302175
0.0129282,0.13957,0.315701,0.28247,0.249331
0.00283792,0.0798943,0.356067,0.284337,0.276864
0.0020796,0.0681829,0.346601,0.283831,0.299306
0.00408104,0.0972296,0.348651,0.286514,0.263524
0.0137792,0.102292,0.300286,0.288746,0.294896
0.552099,0.31349,0.0900772,0.0240541,0.020279
0.00257869,0.0666772,0.358616,0.282207,0.289922
0.0124636,0.154601,0.342821,0.256702,0.233413
0.00586232,0.110914,0.331736,0.29376,0.257727
0.00235134,0.0705782,0.354952,0.28175,0.290369
0.00433754,0.101526,0.348134,0.280967,0.265036
0.00396423,0.0941488,0.349489,0.287587,0.264811
0.00168541,0.0629653,0.361408,0.282055,0.291886
0.00302861,0.0757305,0.323416,0.289299,0.308526
0.115873,0.18405,0.203661,0.244289,0.252127
0.00834711,0.0895121,0.302181,0.287919,0.312041
0.00547261,0.0866954,0.330455,0.290023,0.287354
0.0368982,0.152791,0.253957,0.283144,0.273209
0.0153513,0.118131,0.293062,0.291129,0.282328
0.00179957,0.0620422,0.366356,0.279184,0.290618
0.00257648,0.0689533,0.353174,0.285217,0.290079
0.00753582,0.101852,0.334143,0.287309,0.26916
0.0138509,0.151936,0.296786,0.286162,0.251265
0.039866,0.21125,0.2541,0.254919,0.239866
0.0451598,0.181896,0.261056,0.270637,0.241252
0.095552,0.249523,0.209427,0.220856,0.224642
0.00560312,0.106416,0.326677,0.291885,0.269418
0.00254144,0.068617,0.355824,0.280088,0.292929
0.00667384,0.101172,0.318351,0.284901,0.288902
0.00625499,0.123409,0.336014,0.285204,0.249117
0.00695272,0.0956948,0.300484,0.295475,0.301394
0.0233926,0.147451,0.297908,0.281292,0.249956
0.421796,0.410009,0.122235,0.0290679,0.0168925
0.164775,0.426094,0.235774,0.0897173,0.08364
0.00344822,0.0877413,0.3651,0.278156,0.265555
0.0027941,0.0772871,0.35004,0.290716,0.279163
0.00594588,0.0822958,0.309854,0.289126,0.312779
0.454473,0.386645,0.115602,0.0272628,0.0160171
0.376059,0.401693,0.143715,0.0486666,0.029867
0.00753898,0.0834462,0.301693,0.286733,0.320589
0.281948,0.436717,0.175993,0.0656622,0.0396803
0.417382,0.413327,0.12312,0.0291866,0.0169846
0.021818,0.152745,0.280298,0.283933,0.261206
0.00901964,0.125102,0.302636,0.295483,0.267759
0.00832835,0.124732,0.310919,0.29325,0.262771
0.0269579,0.142292,0.251216,0.291231,0.288303
0.00304417,0.0748024,0.362408,0.283568,0.276177
0.00427504,0.102086,0.344065,0.288746,0.260828
0.00233314,0.0601843,0.355554,0.277823,0.304106
0.0180478,0.185266,0.304896,0.254175,0.237615
0.00456243,0.0805889,0.339224,0.288375,0.28725
0.204496,0.206734,0.188017,0.204517,0.196236
0.542424,0.323785,0.0926954,0.024423,0.0166731
0.00183357,0.0692417,0.35581,0.282298,0.290817
0.188748,0.207868,0.172665,0.210292,0.220427
0.004685,0.114247,0.328405,0.281249,0.271413
0.00232689,0.0590224,0.354259,0.276529,0.307863
0.485772,0.360376,0.106562,0.0288413,0.0184492
0.00595121,0.11612,0.334376,0.290439,0.253114
0.53649,0.329608,0.0948385,0.0213125,0.017751
0.453,0.379811,0.114289,0.033063,0.0198368
0.00322538,0.0863404,0.3381,0.293595,0.27874
0.00651461,0.121794,0.31324,0.284063,0.274389
0.011145,0.104392,0.30032,0.293704,0.290439
0.0150303,0.123696,0.296092,0.291001,0.274181
0.560654,0.31539,0.0866115,0.022423,0.0149217
0.00228041,0.0586519,0.354564,0.277196,0.307308
0.00368069,0.0975802,0.338398,0.287807,0.272534
0.180024,0.500687,0.204166,0.0740641,0.0410592
0.0036481,0.0901301,0.335754,0.29077,0.279698
0.041221,0.151076,0.240212,0.282103,0.285388
0.00450607,0.0960249,0.333327,0.29445,0.271692
0.00877758,0.11352,0.330775,0.287444,0.259483
0.103429,0.20867,0.199818,0.241802,0.246281
0.00249699,0.0720239,0.362289,0.283663,0.279528
0.48252,0.366126,0.10679,0.0246391,0.0199251
0.00431721,0.0767224,0.328659,0.289428,0.300874
0.00850474,0.122774,0.317615,0.290357,0.260749
0.00724052,0.0980999,0.312302,0.294183,0.288174
0.224601,0.207253,0.182006,0.197052,0.189088
0.0283137,0.17729,0.289483,0.272625,0.232288
0.0643291,0.169558,0.249727,0.26357,0.252816
0.00676052,0.0943664,0.321555,0.29132,0.285998
0.517166,0.351208,0.096878,0.0198683,0.0148793
0.0116342,0.143022,0.334255,0.262443,0.248646
0.569774,0.301953,0.0859193,0.0246135,0.0177399
0.00375536,0.0881563,0.359487,0.286383,0.262218
0.00273376,0.0637791,0.338848,0.282429,0.312211
0.0133195,0.123814,0.280286,0.297432,0.285148
0.00932637,0.111557,0.314192,0.290417,0.274507
0.0271029,0.150876,0.289698,0.280718,0.251605
0.00774823,0.0978932,0.306326,0.295928,0.292105
0.00623449,0.0866425,0.327654,0.289089,0.29038
0.00571709,0.0815938,0.328542,0.287367,0.29678
0.0347289,0.178356,0.237774,0.280882,0.268259
0.0118172,0.112238,0.296661,0.294941,0.284343
0.00254412,0.0817518,0.349956,0.288937,0.276811
0.00355748,0.0764867,0.304289,0.286853,0.328814
0.470846,0.375317,0.111246,0.0265518,0.0160392
0.224015,0.413939,0.201623,0.0866235,0.0737998
0.138051,0.208418,0.208723,0.227366,0.217442
0.10012,0.200377,0.207149,0.247369,0.244985
0.00344781,0.0765616,0.334657,0.289408,0.295926
0.00228175,0.0684309,0.360358,0.282608,0.286321
0.00401868,0.0829414,0.337238,0.290993,0.284809
0.00432289,0.0962857,0.342385,0.288714,0.268292
0.0537037,0.235938,0.267085,0.236409,0.206865
0.00440486,0.0985802,0.357098,0.285719,0.254198
0.0181257,0.112954,0.280026,0.291902,0.296991
0.00829705,0.0888733,0.294983,0.28999,0.317857
0.397687,0.375167,0.135445,0.0552396,0.0364616
0.031108,0.175345,0.259175,0.273665,0.260707
0.543129,0.326516,0.0910808,0.0235906,0.0156835
0.00381683,0.071979,0.334293,0.285757,0.304153
0.328284,0.176196,0.132953,0.170014,0.192553
0.00342498,0.0847277,0.358463,0.28712,0.266264
0.509229,0.348369,0.101878,0.0246541,0.0158696
0.00833566,0.102641,0.30632,0.296008,0.286696
0.00756098,0.0835563,0.304309,0.286845,0.31773
0.644582,0.267432,0.0601691,0.0155406,0.0122765
0.0194517,0.15153,0.281242,0.289469,0.258308
0.227141,0.208395,0.179556,0.19607,0.188838
0.107567,0.21581,0.232644,0.235293,0.208685
0.00890008,0.121141,0.331332,0.281326,0.2573
0.036338,0.213897,0.257166,0.25003,0.24257
0.00638711,0.0919296,0.320776,0.291619,0.289288
0.00649479,0.0831993,0.312172,0.288635,0.309499
0.822844,0.0787819,0.0278417,0.0293558,0.0411764
0.707584,0.214168,0.0473761,0.0159103,0.0149616
0.0085571,0.1071,0.326278,0.284152,0.273912
0.517335,0.343044,0.0967353,0.0259473,0.0169381
0.215039,0.217167,0.179828,0.198768,0.189198
0.0275543,0.120183,0.273167,0.284921,0.294175
0.108801,0.244004,0.204826,0.228409,0.213961
0.00604812,0.094128,0.325202,0.293423,0.281199
0.00610615,0.0933591,0.322355,0.294222,0.283957
0.00592845,0.0991758,0.320104,0.296822,0.27797
0.00465603,0.092308,0.329604,0.295143,0.278289
0.00527255,0.0978742,0.342655,0.285382,0.268817
0.027558,0.180401,0.276113,0.277587,0.238342
0.00186365,0.0615518,0.358623,0.278126,0.299835
0.0937108,0.36329,0.281541,0.13042,0.131038
0.0259906,0.132538,0.275784,0.281545,0.284142
0.523459,0.342019,0.0957231,0.0237882,0.0150108
0.650541,0.264174,0.0593598,0.0145693,0.0113564
0.00223406,0.0569848,0.330543,0.276962,0.333275
0.0237458,0.146004,0.296565,0.283475,0.25021
0.00909848,0.121138,0.304576,0.295538,0.269649
0.516108,0.323747,0.100965,0.0338284,0.0253511
0.0591581,0.186174,0.220585,0.267791,0.266292
0.0275643,0.196677,0.317536,0.239148,0.219075
0.697453,0.223906,0.0481894,0.0158308,0.0146205
0.0814384,0.320763,0.278954,0.164766,0.154079
0.098517,0.330989,0.262656,0.156927,0.150911
0.503373,0.362985,0.0971817,0.0218824,0.0145772
0.00250761,0.074552,0.361482,0.285352,0.276106
0.00209238,0.0669449,0.359815,0.283612,0.287536
0.0119908,0.147425,0.292446,0.286941,0.261198
0.0263636,0.121257,0.270916,0.283129,0.298334
0.0148994,0.158012,0.309744,0.274446,0.242898
0.00715124,0.118767,0.309061,0.294913,0.270107
0.0517108,0.169446,0.264858,0.269426,0.244559
0.0520138,0.194829,0.227534,0.267516,0.258108
0.00355784,0.0771519,0.333178,0.289723,0.296389
0.0268013,0.155959,0.283839,0.283276,0.250126
0.0769474,0.240856,0.237762,0.235015,0.20942
0.485069,0.363864,0.0929087,0.0347163,0.0234416
0.0897129,0.337482,0.276582,0.153297,0.142926
0.240856,0.359077,0.19616,0.108624,0.0952827
0.00179804,0.0594434,0.349069,0.279774,0.309915
0.00543567,0.0865175,0.31963,0.291974,0.296443
0.173017,0.504737,0.218623,0.0677563,0.0358664
0.00381299,0.0756543,0.32505,0.287189,0.308294
0.00674551,0.0916165,0.314509,0.29327,0.293859
0.39907,0.418845,0.133071,0.0313448,0.0176701
0.332697,0.420318,0.159463,0.0546916,0.0328302
0.00193423,0.0599105,0.325998,0.279657,0.3325
0.130518,0.514563,0.237614,0.0765881,0.0407168
0.0101357,0.161964,0.357348,0.240685,0.229867
0.023009,0.160654,0.264723,0.28784,0.263775
0.00205842,0.0584328,0.35645,0.278286,0.304772
0.0346666,0.142,0.25362,0.284901,0.284812
0.689367,0.230339,0.049773,0.0159865,0.0145342
0.532241,0.335458,0.0911293,0.0234081,0.0177641
0.00232825,0.0723902,0.331389,0.285319,0.308574
0.0111814,0.122065,0.30107,0.294179,0.271504
0.164047,0.185226,0.176665,0.229396,0.244667
0.00348535,0.0710831,0.340142,0.2858,0.29949
0.669504,0.248351,0.0550006,0.0148329,0.012312
0.128847,0.214918,0.182951,0.230726,0.242559
0.010239,0.124129,0.314916,0.292899,0.257818
0.307033,0.210929,0.145388,0.167647,0.169003
0.00305096,0.0758372,0.348587,0.286891,0.285634
0.0109301,0.132092,0.310563,0.28878,0.257636
0.0289182,0.166742,0.287071,0.276894,0.240375
0.00588198,0.110803,0.33122,0.289919,0.262175
0.00136185,0.0501483,0.340419,0.273804,0.334267
0.0663898,0.181629,0.247822,0.255326,0.248832
0.0204123,0.141185,0.294094,0.281586,0.262722
0.0307239,0.167387,0.268606,0.280325,0.252958
0.00223416,0.0726732,0.36183,0.282199,0.281064
0.641856,0.271466,0.0602478,0.0148949,0.011535
0.203938,0.488231,0.20664,0.0658216,0.0353704
0.0136678,0.135726,0.306474,0.283985,0.260147
0.00267273,0.0749167,0.326535,0.287762,0.308114
0.00204118,0.0651089,0.350441,0.281235,0.301175
0.00941722,0.0962011,0.308588,0.29094,0.294854
0.0435048,0.158813,0.243783,0.280595,0.273304
0.00260514,0.0663011,0.35441,0.283439,0.293245
0.659854,0.2565,0.0565738,0.0149445,0.0121286
0.205423,0.374188,0.209279,0.109525,0.101585
0.00221918,0.0616528,0.351385,0.280084,0.304659
0.395626,0.338557,0.131234,0.0645354,0.0700472
0.00760757,0.135574,0.322384,0.277086,0.257348
0.00218439,0.0591965,0.356917,0.277242,0.304461
0.00730566,0.130163,0.3182,0.286174,0.258157
0.0121899,0.100998,0.296494,0.289361,0.300958
0.0107716,0.119131,0.293013,0.298561,0.278523
0.00376286,0.0830311,0.323694,0.290888,0.298625
0.725264,0.11272,0.0446063,0.0487588,0.0686511
0.00977608,0.0980268,0.313919,0.290316,0.287962
0.509711,0.334946,0.101528,0.0279642,0.0258506
0.620325,0.272145,0.070115,0.021418,0.0159972
0.0295581,0.144037,0.269983,0.284084,0.272337
0.00816163,0.126173,0.316996,0.29125,0.25742
0.00729619,0.0901022,0.303631,0.291958,0.307012
0.0107743,0.11373,0.294905,0.295203,0.285387
0.149851,0.215264,0.194135,0.224972,0.215778
0.00657041,0.0883281,0.314679,0.292104,0.298318
0.0154322,0.129585,0.28931,0.29301,0.272663
0.00386919,0.0825885,0.347172,0.286778,0.279593
0.00513958,0.107096,0.327376,0.292307,0.268081
0.00364917,0.083121,0.329147,0.290414,0.293669
0.0103683,0.113527,0.297548,0.297631,0.280926
0.0123437,0.147282,0.329655,0.274049,0.236671
0.542691,0.186832,0.0772757,0.0881244,0.105076
0.0277486,0.135641,0.276588,0.282701,0.277322
0.00450129,0.0739193,0.328279,0.286292,0.307009
0.00476001,0.0878251,0.344361,0.289261,0.273794
0.00219618,0.0599924,0.359307,0.277701,0.300803
0.00475775,0.0832551,0.331465,0.289516,0.291006
0.0509353,0.170036,0.252415,0.272126,0.254488
0.0419806,0.170016,0.223555,0.280516,0.283932
0.411661,0.411618,0.127487,0.0311246,0.0181095
0.00353724,0.0902098,0.341292,0.294481,0.27048
0.0679115,0.155886,0.229645,0.269986,0.276571
0.00179266,0.0601605,0.360578,0.278583,0.298885
0.323451,0.466978,0.153314,0.0364665,0.0197904
0.00243769,0.0685079,0.356907,0.283624,0.288523
0.00683926,0.122188,0.32435,0.284146,0.262476
0.00402366,0.0737754,0.335564,0.285415,0.301222
0.736258,0.140081,0.0468673,0.0364806,0.0403137
0.00406631,0.0969622,0.357381,0.286087,0.255504
0.00659297,0.122715,0.321321,0.287028,0.262343
0.0035729,0.0948645,0.344663,0.284865,0.272035
0.00420571,0.0714627,0.311361,0.282,0.330971
0.00343875,0.0921605,0.348608,0.285128,0.270665
0.0218326,0.172615,0.269927,0.278948,0.256678
0.020309,0.1484,0.281694,0.287778,0.261819
0.00211889,0.0722187,0.370825,0.282565,0.272273
0.00644972,0.0895181,0.310163,0.288187,0.305682
0.00468261,0.0819824,0.316145,0.287602,0.309588
0.01709,0.156808,0.309083,0.278341,0.238678
0.00779861,0.091262,0.310567,0.289015,0.301358
0.0030456,0.0811918,0.348332,0.286548,0.280883
0.00447972,0.0950321,0.329095,0.295795,0.275598
0.0095046,0.0944239,0.315503,0.288702,0.291866
0.0084341,0.0970131,0.321245,0.288973,0.284335
0.0310602,0.136181,0.278014,0.279349,0.275396
0.00341989,0.0852989,0.367228,0.282611,0.261442
0.00208447,0.0712252,0.356931,0.286589,0.283171
0.00327819,0.0711669,0.342432,0.285606,0.297518
0.00423068,0.0843675,0.347518,0.288547,0.275337
0.00238234,0.0670266,0.356718,0.283967,0.289906
0.150888,0.292084,0.202771,0.171208,0.183048
0.00525272,0.10866,0.341997,0.282449,0.261642
0.00380649,0.0903174,0.344982,0.286131,0.274763
0.0487467,0.162211,0.259169,0.27297,0.256903
0.00324128,0.089028,0.347095,0.291498,0.269138
0.00888448,0.130058,0.319675,0.285675,0.255708
0.0106124,0.115508,0.295387,0.298372,0.280121
0.0420643,0.253839,0.317818,0.200419,0.185859
0.367267,0.39143,0.14754,0.057179,0.0365838
0.00233099,0.0645927,0.358273,0.280243,0.29456
0.474469,0.218112,0.119805,0.0946414,0.0929723
0.0160586,0.156958,0.284113,0.2829,0.259971
0.0214328,0.17626,0.2799,0.274435,0.247972
0.0076832,0.135499,0.330058,0.280676,0.246084
0.00961109,0.103112,0.306505,0.293859,0.286913
0.052712,0.188078,0.238529,0.266938,0.253743
0.012696,0.139303,0.272963,0.291497,0.283541
0.252648,0.222906,0.149817,0.181481,0.193148
0.002915,0.0825333,0.351831,0.285373,0.277348
0.00386627,0.0956636,0.347568,0.286591,0.266311
0.0652813,0.222999,0.222384,0.244948,0.244388
0.015184,0.182651,0.310143,0.248379,0.243644
0.0087248,0.113967,0.313134,0.294618,0.269556
0.00405145,0.0807687,0.334951,0.291084,0.289145
0.207742,0.492882,0.202977,0.0629618,0.0334376
0.0104299,0.122018,0.321251,0.28945,0.256852
0.0288454,0.128558,0.276015,0.283388,0.283194
0.0193011,0.125469,0.290438,0.284777,0.280015
0.0149896,0.161915,0.298074,0.270839,0.254183
0.023359,0.129959,0.286179,0.286145,0.274358
0.0176841,0.177507,0.286874,0.267028,0.250907
0.0106521,0.0958756,0.291176,0.291427,0.31087
0.00229195,0.0606109,0.358145,0.277641,0.301311
0.00978669,0.102025,0.321085,0.288722,0.278382
0.0505918,0.232404,0.252321,0.237847,0.226836
0.0226812,0.15693,0.256745,0.292224,0.27142
0.050448,0.157021,0.244415,0.273575,0.27454
0.00392231,0.0974936,0.346508,0.290889,0.261186
0.0285493,0.1683,0.276101,0.281174,0.245876
0.00546409,0.0973043,0.330222,0.291409,0.275601
0.00956971,0.133647,0.349257,0.259922,0.247604
0.0731573,0.165251,0.246908,0.260636,0.254047
0.876901,0.0728197,0.0225427,0.0126555,0.0150813
0.0650631,0.167572,0.23058,0.269118,0.267667
0.0817002,0.179214,0.214443,0.259521,0.265122
0.0303416,0.172359,0.263606,0.278052,0.255641
0.00383465,0.0775385,0.331518,0.290266,0.296843
0.0301121,0.187807,0.253156,0.269825,0.2591
0.00710822,0.106382,0.314422,0.298191,0.273897
0.0392796,0.190427,0.24947,0.269271,0.251552
0.0451497,0.148534,0.265431,0.274832,0.266054
0.0653006,0.208527,0.251759,0.253695,0.22072
0.0022155,0.0634252,0.356536,0.280549,0.297274
0.0292898,0.17573,0.268975,0.273905,0.252101
0.00524155,0.110711,0.317639,0.289251,0.277158
0.00534647,0.0891061,0.32454,0.291755,0.289252
0.0200034,0.118031,0.278576,0.2833,0.300089
0.0371742,0.215062,0.267567,0.248695,0.231503
0.00532445,0.0913934,0.326062,0.294758,0.282462
0.0148696,0.154673,0.299023,0.283631,0.247803
0.0132416,0.0994405,0.283783,0.290324,0.313212
0.506361,0.169956,0.0896335,0.107363,0.126686
0.0307819,0.221495,0.296823,0.239503,0.211396
0.212349,0.195525,0.169485,0.204814,0.217827
0.00909875,0.103877,0.296144,0.295794,0.295087
0.00758587,0.113154,0.331511,0.28739,0.260359
0.0067567,0.111019,0.315827,0.292045,0.274353
0.0055583,0.105604,0.33738,0.287757,0.263701
0.00475866,0.107489,0.349641,0.285147,0.252965
0.0113687,0.142619,0.289527,0.289676,0.266809
0.00537,0.0921397,0.319006,0.295794,0.287691
0.0780294,0.184159,0.212621,0.262292,0.262898
0.0024819,0.0718376,0.351827,0.284627,0.289226
0.0060688,0.0973727,0.324487,0.294156,0.277916
0.0195826,0.159742,0.282692,0.282742,0.255241
0.0115382,0.101574,0.29625,0.289901,0.300736
0.0245236,0.250734,0.347893,0.188588,0.188262
0.00216593,0.0593836,0.357583,0.278057,0.30281
0.0152879,0.132067,0.289545,0.290626,0.272475
0.0199896,0.173874,0.285618,0.278061,0.242458
0.0116159,0.137065,0.313987,0.286321,0.251012
0.00626957,0.12027,0.321201,0.287892,0.264367
0.00185196,0.0592504,0.337203,0.280334,0.321361
0.04712,0.163065,0.26287,0.265514,0.261432
0.0245691,0.130725,0.27819,0.285016,0.2815
0.399835,0.208303,0.11429,0.129174,0.148398
0.00744211,0.0938576,0.309303,0.292037,0.29736
0.563838,0.309544,0.0871687,0.0231877,0.0162617
0.0167037,0.147354,0.270528,0.29439,0.271025
0.00482889,0.0850378,0.344217,0.287428,0.278488
0.0239039,0.130705,0.259427,0.291945,0.29402
0.00459755,0.0859849,0.334634,0.290631,0.284153
0.00525929,0.0996532,0.340293,0.291607,0.263187
0.00842249,0.111964,0.30802,0.294408,0.277186
0.0496409,0.191769,0.248593,0.26672,0.243277
0.00200163,0.0603116,0.345728,0.281015,0.310944
0.00294978,0.0799724,0.351096,0.29044,0.275542
0.0213495,0.141988,0.295004,0.28093,0.260727
0.0486848,0.19061,0.249342,0.268394,0.24297
0.0410897,0.267123,0.306373,0.198458,0.186956
0.0274894,0.151521,0.267786,0.286004,0.2672
0.00878016,0.0959915,0.317558,0.290405,0.287266
0.00226012,0.0749511,0.37341,0.282418,0.266961
0.32445,0.419299,0.161593,0.058687,0.0359716
0.0332395,0.160773,0.280925,0.271211,0.253852
0.00268343,0.0752481,0.340162,0.285841,0.296065
0.00799971,0.101523,0.305654,0.294964,0.289859
0.296639,0.349029,0.168329,0.0940392,0.091964
0.0106109,0.134963,0.297016,0.293397,0.264013
0.00410363,0.0829987,0.333359,0.292159,0.28738
0.00212972,0.0684698,0.339428,0.288595,0.301378
0.0362146,0.210716,0.256955,0.255799,0.240315
0.071587,0.287541,0.287062,0.186324,0.167486
0.00442248,0.0929087,0.345394,0.290048,0.267226
0.0149178,0.146749,0.314298,0.279218,0.244817
0.025042,0.152708,0.247703,0.290808,0.283739
0.00917459,0.147238,0.345874,0.259189,0.238523
0.00651209,0.0941119,0.320687,0.293692,0.284997
0.0237244,0.145341,0.298454,0.28206,0.25042
0.00342099,0.08679,0.337068,0.293877,0.278845
0.00851952,0.120405,0.30865,0.295625,0.2668
0.00977468,0.112683,0.311605,0.288717,0.277221
0.0658141,0.23456,0.224289,0.234472,0.240865
0.195926,0.181372,0.16804,0.217495,0.237167
0.00282424,0.0646786,0.335688,0.284093,0.312716
0.0286228,0.205362,0.267938,0.256073,0.242004
0.0174439,0.144994,0.290678,0.284617,0.262268
0.00307166,0.082302,0.353984,0.288702,0.27194
0.525027,0.152632,0.0808996,0.106637,0.134804
0.0613709,0.19539,0.26498,0.253791,0.224468
0.0307587,0.131134,0.278991,0.281442,0.277674
0.00432163,0.0773043,0.324994,0.285132,0.308249
0.546211,0.290401,0.0928973,0.0385415,0.0319485
0.00222999,0.0592652,0.355254,0.277972,0.305279
0.463463,0.339299,0.106322,0.0506987,0.0402174
0.0793036,0.167049,0.219068,0.262592,0.271988
0.104131,0.21452,0.204653,0.237059,0.239637
0.836529,0.0709046,0.0246664,0.0273167,0.0405834
0.00186427,0.0701817,0.372087,0.282309,0.273558
0.00305657,0.0750377,0.364342,0.283004,0.274559
0.0290287,0.187738,0.313933,0.245915,0.223385
0.00412602,0.087929,0.338606,0.289695,0.279644
0.0521392,0.165007,0.263855,0.268438,0.250561
0.0236346,0.148972,0.25823,0.291292,0.277871
0.00252426,0.068409,0.343143,0.28622,0.299704
0.00392234,0.0828035,0.344558,0.289765,0.278952
0.0057414,0.0938822,0.329217,0.291309,0.27985
0.0257442,0.186075,0.277003,0.266981,0.244197
0.38273,0.21368,0.110299,0.1313,0.161991
0.0142229,0.104215,0.28139,0.289847,0.310325
0.00420099,0.0865054,0.317694,0.290252,0.301347
0.102533,0.183405,0.209651,0.251288,0.253124
0.0324621,0.175553,0.256698,0.278502,0.256785
0.10466,0.263163,0.213413,0.213242,0.205521
0.00269146,0.0714165,0.33946,0.28253,0.303902
0.00910949,0.116449,0.306549,0.295224,0.272669
0.0413819,0.190483,0.269497,0.267661,0.230977
0.0533276,0.179508,0.255913,0.268173,0.243078
0.0236966,0.191059,0.283215,0.266032,0.235998
0.00900208,0.0992224,0.316422,0.289404,0.28595
0.00607934,0.116296,0.322449,0.293418,0.261758
0.0076559,0.0998059,0.306528,0.296188,0.289823
0.00466786,0.0728118,0.328121,0.284298,0.310101
0.00196929,0.0605782,0.36166,0.280092,0.295701
0.0158852,0.117212,0.282576,0.294894,0.289433
0.0148755,0.118696,0.284544,0.295814,0.286071
0.00849182,0.088186,0.303086,0.290424,0.309812
0.0396407,0.154076,0.257001,0.27932,0.269962
0.102604,0.236585,0.210095,0.225749,0.224968
0.562556,0.199116,0.075085,0.0709553,0.0922882
0.414706,0.241947,0.108907,0.10624,0.1282
0.771502,0.0976598,0.0371141,0.039927,0.0537972
0.0780171,0.178482,0.211846,0.264712,0.266943
0.059545,0.245271,0.245542,0.2244,0.225243
0.00591856,0.103012,0.317555,0.293135,0.280379
0.00233172,0.0629198,0.348813,0.280194,0.305742
0.00311417,0.0737683,0.349774,0.286545,0.286799
0.00615947,0.127081,0.332482,0.273872,0.260406
0.101573,0.212818,0.220294,0.240491,0.224824
0.00606178,0.113215,0.333519,0.284789,0.262415
0.0162633,0.160698,0.298264,0.276929,0.247846
0.0246307,0.175048,0.281032,0.273417,0.245873
0.00286402,0.0740881,0.345898,0.284444,0.292706
0.0097374,0.0905348,0.298709,0.287647,0.313372
0.00350264,0.0761994,0.348729,0.285496,0.286073
0.0438679,0.166738,0.272377,0.264943,0.252075
0.00645003,0.0926836,0.315935,0.294469,0.290463
0.0814298,0.193808,0.221739,0.252903,0.25012
0.00480402,0.0916655,0.333057,0.290456,0.280017
0.00551089,0.0827883,0.323355,0.290757,0.297589
0.00239087,0.0723515,0.34577,0.285115,0.294373
0.00303189,0.0697764,0.304303,0.273835,0.349054
0.0984024,0.158504,0.218488,0.256233,0.268372
0.646045,0.267476,0.0605667,0.0146327,0.0112793
0.0158229,0.138625,0.305383,0.285118,0.255051
0.0632032,0.182635,0.255771,0.263699,0.234691
0.0271623,0.194718,0.272449,0.265064,0.240606
0.0117852,0.117195,0.278632,0.29867,0.293718
0.00188425,0.0568024,0.358329,0.275857,0.307128
0.00222941,0.0667826,0.345951,0.286327,0.29871
0.245335,0.369928,0.191753,0.0952312,0.0977521
0.281734,0.374244,0.17927,0.0815104,0.0832418
0.131787,0.386339,0.257182,0.113498,0.111193
0.025958,0.154402,0.265361,0.28777,0.266509
0.0135996,0.163121,0.309442,0.267723,0.246115
0.0115597,0.148199,0.319309,0.273547,0.247385
0.0022445,0.0708497,0.365768,0.281951,0.279188
0.111649,0.215609,0.209124,0.240357,0.223261
0.00862229,0.113007,0.318436,0.290104,0.269831
0.0574265,0.237682,0.246495,0.238267,0.220131
0.29654,0.253382,0.134193,0.151749,0.164136
0.00449086,0.0745893,0.328871,0.28588,0.30617
0.00631411,0.123113,0.335575,0.276371,0.258628
0.00558063,0.108191,0.318334,0.297626,0.270269
0.353811,0.415622,0.152144,0.0492854,0.0291376
0.00720752,0.119523,0.296024,0.292104,0.285141
0.021841,0.131704,0.266305,0.291272,0.288878
0.0191628,0.142081,0.281441,0.289956,0.267359
0.0143468,0.15874,0.29468,0.283309,0.248924
0.0175041,0.110448,0.268975,0.291249,0.311823
0.0031181,0.069689,0.334107,0.286925,0.306161
0.0135831,0.165974,0.311102,0.266001,0.24334
0.00883897,0.0875563,0.30444,0.289006,0.310159
0.276404,0.187633,0.138223,0.185001,0.212739
0.0244747,0.171795,0.270759,0.277889,0.255082
0.00319495,0.0846459,0.359146,0.286144,0.266869
0.00219975,0.0634849,0.361076,0.279946,0.293294
0.0054167,0.0983771,0.339902,0.290542,0.265762
0.00662047,0.112167,0.316471,0.289074,0.275667
0.0437599,0.168701,0.241768,0.277224,0.268546
0.0121006,0.12285,0.293991,0.29254,0.278519
0.0338444,0.158761,0.248637,0.285905,0.272852
0.00604475,0.0941254,0.333135,0.287915,0.27878
0.00186663,0.0682909,0.363658,0.283539,0.282646
0.00349308,0.0943899,0.345124,0.286467,0.270526
0.373633,0.194598,0.138108,0.146599,0.147063
0.843388,0.0859254,0.0254191,0.0199975,0.0252701
0.00451904,0.0774235,0.310215,0.285756,0.322086
0.036979,0.221652,0.269697,0.243375,0.228298
0.751841,0.11053,0.042339,0.04098,0.0543097
0.00744606,0.127323,0.302248,0.286449,0.276534
0.0401989,0.157211,0.238183,0.285829,0.278578
0.00194233,0.0722364,0.36843,0.276992,0.2804
0.00435779,0.0914168,0.323544,0.295568,0.285114
0.00890017,0.10985,0.301909,0.29738,0.281961
0.0013784,0.0538293,0.35064,0.27539,0.318762
0.0123615,0.10448,0.293864,0.293157,0.296137
0.0105649,0.138073,0.302144,0.287764,0.261454
0.0139803,0.131884,0.281584,0.297796,0.274756
0.00620421,0.079556,0.304156,0.285985,0.324099
0.00441656,0.0753102,0.331167,0.285544,0.303562
0.299216,0.21962,0.152719,0.167295,0.16115
0.01139,0.102601,0.301001,0.289715,0.295293
0.0255361,0.121592,0.260018,0.289439,0.303415
0.00866176,0.123949,0.30831,0.287977,0.271102
0.00767235,0.134123,0.331333,0.275035,0.251837
0.707193,0.20938,0.0476727,0.0191824,0.0165718
0.719967,0.208995,0.0438172,0.0141315,0.0130893
0.262869,0.387885,0.186084,0.0892308,0.0739304
0.0197351,0.176212,0.320372,0.256812,0.226869
0.0442798,0.179402,0.282562,0.258797,0.234958
0.547719,0.321648,0.0892387,0.0232583,0.0181363
0.00207533,0.0588019,0.357678,0.277944,0.303501
0.566668,0.299246,0.0842803,0.0270376,0.0227681
0.0101865,0.124347,0.303361,0.295034,0.267071
0.00185943,0.0582524,0.362444,0.277086,0.300359
0.105615,0.232172,0.194988,0.230188,0.237036
0.00449655,0.10388,0.330379,0.286829,0.274416
0.00621547,0.122642,0.315198,0.27763,0.278315
0.0044202,0.0816782,0.333971,0.288409,0.291522
0.00371902,0.0852515,0.348605,0.288848,0.273576
0.115177,0.365122,0.260108,0.130363,0.12923
0.0119,0.156698,0.300861,0.275068,0.255473
0.0780961,0.21555,0.215115,0.247452,0.243786
0.00293383,0.0705051,0.346176,0.285595,0.294791
0.00389245,0.102163,0.347501,0.285465,0.260978
0.0028324,0.0752181,0.355358,0.283922,0.28267
0.146405,0.187146,0.182711,0.235668,0.248069
0.879273,0.0768021,0.0192018,0.0108535,0.0138697
0.0185003,0.138253,0.292919,0.289066,0.261261
0.00224454,0.0631676,0.345558,0.280838,0.308192
0.00825271,0.107421,0.29172,0.301152,0.291454
0.0158385,0.109898,0.288188,0.290617,0.295458
0.0206918,0.152638,0.292763,0.276111,0.257797
0.186471,0.197843,0.163745,0.21781,0.23413
0.02229,0.132638,0.271378,0.289176,0.284517
0.0422525,0.19872,0.241806,0.264545,0.252677
0.0066244,0.096333,0.314542,0.287133,0.295368
0.0104627,0.111264,0.308133,0.286788,0.283352
0.0352623,0.148611,0.257693,0.281918,0.276515
0.154305,0.196821,0.189059,0.225806,0.234009
0.479705,0.170706,0.0877663,0.11552,0.146302
0.00813522,0.11299,0.316099,0.290848,0.271928
0.0126422,0.126041,0.295057,0.290228,0.276032
0.0227904,0.151689,0.288643,0.282019,0.254859
0.01819,0.122471,0.273347,0.292995,0.292997
0.0677228,0.173312,0.233142,0.264695,0.261128
0.102842,0.184828,0.205978,0.251137,0.255216
0.023228,0.150159,0.292233,0.284018,0.250362
0.0103211,0.126206,0.30769,0.288734,0.267049
0.00578191,0.0927247,0.306579,0.297955,0.296959
0.00304724,0.084713,0.357763,0.287165,0.267311
0.00350872,0.0867559,0.348912,0.290689,0.270135
0.061603,0.214986,0.225518,0.250797,0.247096
0.00424957,0.109409,0.33999,0.278674,0.267677
0.00370442,0.0803968,0.341509,0.284851,0.289538
0.0630709,0.161785,0.223886,0.273784,0.277474
0.00334634,0.086773,0.351694,0.284236,0.27395
0.0283738,0.13274,0.272539,0.28167,0.284677
0.00306466,0.0767735,0.346778,0.288674,0.28471
0.00412239,0.0807157,0.326464,0.287517,0.301181
0.0207344,0.118368,0.276375,0.286854,0.297668
0.0109179,0.133913,0.293221,0.296025,0.265923
0.00276893,0.0753663,0.353525,0.286015,0.282324
0.528244,0.33644,0.0943488,0.0237351,0.0172319
0.588469,0.283205,0.0817062,0.0243467,0.0222731
